# at 50 tours
# Type:  log(experiment)   # Type:  Upper  (CN simulator)   # Type:  log(our simulator)
0 1.13849005790000 1.22614272460839 1.14473811436878
1 1.12551172790000 1.20150680976610 1.13618609807723
2 1.11641465790000 1.17683986159255 1.11885649080058
3 1.10320582290000 1.15214464823040 1.09910598185339
4 1.08223924290000 1.12741736107900 1.08293069778089
5 1.05757710290000 1.10265210923754 1.06218990763209
6 1.04618702290000 1.07784747137775 1.04585250161043
7 1.02642287290000 1.05300364179705 1.03137174419838
8 1.00645091790000 1.02811593323634 1.01175618038483
9 0.981597497900000 1.00318099663985 0.988677908888135
10 0.965474507900000 0.978204819042395 0.966540401288535
11 0.951761112900000 0.953373434418300 0.947761374516785
12 0.931478207900000 0.928947145063145 0.928800555739185
13 0.912934267900000 0.904614949995850 0.905733679380985
14 0.891370392900000 0.880140308148445 0.884535973574485
15 0.873341087900000 0.856052815662100 0.860339202040835
16 0.851809737900000 0.831948988111100 0.838852606351685
17 0.832501137900000 0.807853098627295 0.814583775897485
18 0.809097897900000 0.783602699224995 0.780982404098685
19 0.785767012900000 0.759455142486645 0.768795123254535
20 0.769807462900000 0.735345742489250 0.740179208891185
21 0.742334117900000 0.711266621670345 0.722229783595085
22 0.716870377900000 0.687284325198345 0.692366800789035
23 0.694427037900000 0.663143313258145 0.668286270803835
24 0.667501737900000 0.639202567382495 0.651666382997485
25 0.646449662900000 0.614966353529900 0.622210133001035
26 0.620793727900000 0.590767670997200 0.605496125876135
27 0.596574112900000 0.566636624457995 0.577058632696385
28 0.570767092900000 0.542435822925000 0.544437335562385
29 0.551048237900000 0.518148791645500 0.527750228687185
30 0.525223077900000 0.493862786994098 0.503006196468735
31 0.500875427900000 0.469341392967548 0.475533355226735
32 0.471338792900000 0.444701515767897 0.456871132338785
33 0.446265232900000 0.419984658912948 0.424016680491685
34 0.420214657900000 0.395035477185197 0.398949010741635
35 0.390221532900000 0.370508381059797 0.382663768882585
36 0.367311412900000 0.345571630932647 0.350136731018585
37 0.346524577900000 0.320648745924098 0.328421274035935
38 0.314920882900000 0.295542559316398 0.304460715229585
39 0.292212207900000 0.270494600156947 0.278157908256935
40 0.263771047900000 0.245133559171498 0.253708895558235
41 0.240152222900000 0.219825273107298 0.225972373680185
42 0.212583477900000 0.194304496863798 0.203636151571785
43 0.186900057900000 0.168871968023147 0.173079193819385
44 0.161615567900000 0.143281095686548 0.146842866293136
45 0.135654637900000 0.117526556704348 0.123302434559086
46 0.110896557900000 0.0914941419573470 0.0957270552109850
47 0.0840098079000000 0.0655552602958480 0.0733400453141345
48 0.0554866929000000 0.0394167264182972 0.0452710068309354
49 0.0265100179000000 0.0129810282132974 0.0195089784830351
50 0.00396366289999995 -0.0135565944539025 -0.0122416294744650
51 -0.0263030121000001 -0.0401248597535524 -0.0320328060045147
52 -0.0571914171000000 -0.0669432434331025 -0.0631962321561155
53 -0.0815159921000000 -0.0939562136075525 -0.0916411177245145
54 -0.106423757100000 -0.120746995244702 -0.115725607667815
55 -0.137647947100000 -0.139207489041303 -0.135364006031465
56 -0.154454362100000 -0.145809586563953 -0.141966103554114
57 -0.174427612100000 -0.166001632966402 -0.162158149956515
58 -0.197905362100000 -0.196743933137103 -0.192900450127265
59 -0.217302722100000 -0.203796853737302 -0.199953370727464
60 -0.244585247100000 -0.228619424132003 -0.224775941122114
61 -0.268878782100000 -0.252366038660303 -0.248522555650464
62 -0.290099902100000 -0.283414874476453 -0.279571391466616
63 -0.313792892100000 -0.303037354000753 -0.299193870990915
64 -0.332230907100000 -0.325467857396552 -0.321624374386715
65 -0.357268452100000 -0.348214694361652 -0.344371211351815
66 -0.385111032100000 -0.367936719567552 -0.364093236557715
67 -0.413376102100000 -0.399061212112053 -0.395217729102215
68 -0.435770142100000 -0.414190251146553 -0.410346768136665
69 -0.459537352100000 -0.451427055982953 -0.447583572973066
70 -0.485866492100000 -0.473974360442153 -0.470130877432365
71 -0.509453817100000 -0.495129423266652 -0.491285940256815
72 -0.541323942100000 -0.522399444528250 -0.518555961518415
73 -0.565195467100000 -0.550480584650850 -0.546637101641015
74 -0.597168427100000 -0.574721417667955 -0.570877934658115
75 -0.611719647100000 -0.609599944202000 -0.605756461192115
76 -0.649258807100000 -0.639453081015650 -0.635609598005815
77 -0.673012912100000 -0.667557042704955 -0.663713559695115
78 -0.702142707100000 -0.702728518835000 -0.698885035825165
79 -0.729285622100000 -0.708683848458500 -0.704840365448665
80 -0.760130427100000 -0.751645374662655 -0.747801891652815
81 -0.784289927100000 -0.775958194451300 -0.772114711441465
82 -0.813113217100000 -0.809129651423350 -0.805286168413515
83 -0.840253347100000 -0.831615602858950 -0.827772119849065
84 -0.876456517100000 -0.870752244186605 -0.866908761176815
85 -0.903196287100000 -0.893739313718555 -0.889895830708715
86 -0.931469827100000 -0.928609657850800 -0.924766174840965
87 -0.970736707100000 -0.950159300965900 -0.946315817956065
88 -1.00083385210000 -0.982717287123555 -0.978873804113715
89 -1.02404449710000 -1.01567315851211 -1.01182967550227
90 -1.06334107210000 -1.05393210690995 -1.05008862390012
91 -1.09586876710000 -1.07575553280960 -1.07191204979976
92 -1.12446310210000 -1.11067876419620 -1.10683528118637
93 -1.15729684210000 -1.15018969280435 -1.14634620979446
94 -1.18001578210000 -1.18121199181175 -1.17736850880192
95 -1.21700127710000 -1.20912853293750 -1.20528504992767
96 -1.24500250210000 -1.24695212533490 -1.24310864232502
97 -1.27840679710000 -1.28252690128236 -1.27868341827246
98 -1.30901714710000 -1.29954138727815 -1.29569790426831
99 -1.32966868210000 -1.30105727689225 -1.29721379388242

