# true value --> Chen-Nguyen --> our simulator
1 1.01729533789132 1.01731991437000 1.01732606854228
2 1.01477212512434 1.01466109076000 1.01464206742285
3 1.01335970832856 1.01316633967000 1.01320445998206
4 1.01274306923140 1.01262952480000 1.01269832457645
5 1.01241255066358 1.01244015036000 1.01240497580125
6 1.01225151121850 1.01237333608000 1.01223939355841
7 1.01214223913060 1.01234976104000 1.01217322911717
8 1.01204139234586 1.01234144248000 1.01212063936861
9 1.01193169534564 1.01233850721000 1.01205830530808
10 1.01190510714594 1.01233747147000 1.01202364608712
11 1.01186315776514 1.01233710600000 1.01196819153140
12 1.01184463252441 1.01233697704000 1.01193172339336
13 1.01180965450201 1.01233693154000 1.01191272780939
14 1.01177535845824 1.01233691548000 1.01186849852184
15 1.01176020413816 1.01233690981000 1.01185314477340
16 1.01174587050024 1.01233690782000 1.01184436832509
17 1.01172569508453 1.01233690711000 1.01183621709020
18 1.01171069700931 1.01233690686000 1.01178903692343
19 1.01169646754980 1.01233690677000 1.01177103528649
20 1.01167451353595 1.01233690674000 1.01176087264754
21 1.01166467425577 1.01233690673000 1.01174000217597
22 1.01165585719789 1.01233690673000 1.01172014777024
23 1.01163487642631 1.01233690673000 1.01171626198083
24 1.01163077541330 1.01233690673000 1.01170888591846
25 1.01160913090463 1.01233690673000 1.01168268147053
26 1.01160586457598 1.01233690673000 1.01167077436982
27 1.01160500565139 1.01233690673000 1.01166135740966
28 1.01159807859812 1.01233690673000 1.01165794887004
29 1.01158415667638 1.01233690673000 1.01163478212107
30 1.01157124517402 1.01233690673000 1.01163279373435
31 1.01156758316085 1.01233690673000 1.01162679926686
32 1.01156489249120 1.01233690673000 1.01162140420567
33 1.01155445934828 1.01233690673000 1.01160537228555
34 1.01155151630841 1.01233690673000 1.01159937508654
35 1.01154105104668 1.01233690673000 1.01158761943633
36 1.01153405865732 1.01233690673000 1.01156831039347
37 1.01153065159104 1.01233690673000 1.01156138133737
38 1.01150931414524 1.01233690673000 1.01156138133737
39 1.01150142567314 1.01233690673000 1.01156032445664
40 1.01149760215493 1.01233690673000 1.01155638731812
41 1.01148781790873 1.01233690673000 1.01154821015409
42 1.01148651859784 1.01233690673000 1.01154650070215
43 1.01148463663788 1.01233690673000 1.01154536396845
44 1.01148288728768 1.01233690673000 1.01153758080657
45 1.01147940839261 1.01233690673000 1.01153503487312
46 1.01147036047895 1.01233690673000 1.01153442150830
47 1.01146490706751 1.01233690673000 1.01152788987816
48 1.01146227066758 1.01233690673000 1.01152326084103
49 1.01145887698269 1.01233690673000 1.01151407792794
#49 1.01145887698269 1.01233690673000 1.01144075505570
