# Type:  log(experiment)   # Type:  log(CN simulator)   # Type:  log(our simulator)  # Type:  log(GSA) 
0 1.04093804813831 1.22614272460838 1.03723959583619 1.22611473098018
1 1.03875006941491 1.20150680976607 1.02791655896989 1.20134473641493
2 1.02298114920211 1.17683986159254 1.01622964223139 1.17657474184967
3 1.01216283537236 1.15214464823039 1.00266644561904 1.15180474728442
4 0.995063968351060 1.12741736107902 0.986998029546940 1.12703475271916
5 0.983645489627660 1.10265210923755 0.971523508947890 1.10226475815390
6 0.965668037500010 1.07784747137775 0.956827952645740 1.07749476358865
7 0.948096814095760 1.05300364179705 0.933727053956740 1.05272476902339
8 0.932038931117010 1.02811593323637 0.915996896232140 1.02795477445813
9 0.910573686436160 1.00318099663985 0.899854742504640 1.00318477989288
10 0.892119383244710 0.978204819042410 0.883585629084240 0.978414785327622
11 0.878060931117010 0.953373434418330 0.867415999048340 0.953644790762366
12 0.856996069414910 0.928947145063165 0.855802439311990 0.928874796197109
13 0.837286399202110 0.904614949995845 0.834399525953590 0.904104801631853
14 0.819725106648955 0.880140308148445 0.823236935890490 0.879334807066597
15 0.803900585372355 0.856052815662095 0.805260377310690 0.854564812501341
16 0.784351670478710 0.831948988111115 0.786305363095390 0.829794817936084
17 0.767609042819155 0.807853098627305 0.772849488888840 0.805024823370828
18 0.755895766223410 0.783602699225000 0.752474483709890 0.780254828805572
19 0.729310909840405 0.759455142486650 0.735202329426240 0.755484834240316
20 0.714413127925560 0.735345742489245 0.708382772108190 0.730714839675059
21 0.699204622606405 0.711266621670335 0.696985664490690 0.705944845109803
22 0.681235346010655 0.687284325198380 0.675823457540090 0.681174850544547
23 0.659165553457455 0.663143313258150 0.660514828646440 0.656404855979291
24 0.645007122606405 0.639202567382490 0.640786675995940 0.631634861414034
25 0.626807271542560 0.614966353529925 0.613915984300290 0.606864866848778
26 0.605386665159560 0.590767670997210 0.600206980304040 0.582094872283522
27 0.584037159840410 0.566636624458015 0.576013166714490 0.557324877718265
28 0.564006659840410 0.542435822924985 0.557069567747090 0.532554883153009
29 0.540204846010660 0.518148791645525 0.538852632712290 0.507784888587753
30 0.519720585372360 0.493862786994113 0.508738841625790 0.483014894022497
31 0.501401622606410 0.469341392967533 0.490692951498942 0.458244899457240
32 0.477152510904258 0.444701515767906 0.470149565872741 0.433474904891984
33 0.459478963031907 0.419984658912953 0.443398308547041 0.408704910326728
34 0.435817638563808 0.395035477185221 0.424779741849141 0.383934915761471
35 0.413890686436158 0.370508381059804 0.397370835453591 0.359164921196215
36 0.387259633244708 0.345571630932639 0.379666708978341 0.334394926630959
37 0.362876468351058 0.320648745924108 0.347897790259892 0.309624932065703
38 0.339379760904258 0.295542559316387 0.327467056271342 0.284854937500446
39 0.313841473670208 0.270494600156935 0.300798989202891 0.260084942935190
40 0.292059537500008 0.245133559171523 0.275119851015541 0.235314948369934
41 0.261184744946807 0.219825273107298 0.250303626503392 0.210544953804678
42 0.238964718351058 0.194304496863784 0.225435532278492 0.185774959239421
43 0.214842840691507 0.168871968023125 0.198019682787792 0.161004964674165
44 0.187212415159558 0.143281095686532 0.171518648195792 0.136234970108909
45 0.160350649202108 0.117526556704338 0.144017530384992 0.111464975543653
46 0.138982244946808 0.0914941419573545 0.124214827765692 0.0866949809783966
47 0.108671351329808 0.0655552602958665 0.0926897387435915 0.0619249864131403
48 0.0805780002659580 0.0394167264182644 0.0654257697649915 0.0371549918478840
49 0.0522891917553075 0.0129810282133169 0.0402402383061915 0.0123849972826277
50 0.0270042023936075 -0.0135565944539060 0.0156363072258419 -0.0123849972826286
51 -0.00260044654254266 -0.0401248597535435 -0.0131792306616081 -0.0371549918478848
52 -0.0256423933510419 -0.0669432434331300 -0.0358218525083584 -0.0619249864131411
53 -0.0543065316489420 -0.0939562136075560 -0.0641703656157590 -0.0866949809783973
54 -0.0823265954787420 -0.120746995244681 -0.0961801243813085 -0.111464975543654
55 -0.108458707180842 -0.139207489041313 -0.110925243642858 -0.136234970108910
56 -0.123583898670192 -0.145809586563958 -0.117527341165508 -0.161004964674166
57 -0.147932606117043 -0.166001632966368 -0.137719387567908 -0.185774959239422
58 -0.170033840159592 -0.196743933137121 -0.168461687738658 -0.210544953804678
59 -0.193877526329792 -0.203796853737321 -0.175514608338858 -0.235314948369935
60 -0.215539175265942 -0.228619424131985 -0.200337178733508 -0.260084942935191
61 -0.233733786968092 -0.252366038660296 -0.224083793261808 -0.284854937500447
62 -0.260037021010643 -0.283414874476446 -0.255132629077958 -0.309624932065704
63 -0.283183701861693 -0.303037354000755 -0.274755108602309 -0.334394926630960
64 -0.308333153989343 -0.325467857396576 -0.297185611998108 -0.359164921196216
65 -0.334685638031892 -0.348214694361675 -0.319932448963208 -0.383934915761472
66 -0.353360818882992 -0.367936719567563 -0.339654474169109 -0.408704910326729
67 -0.379053574202142 -0.399061212112046 -0.370778966713558 -0.433474904891985
68 -0.403065797606392 -0.414190251146536 -0.385908005748059 -0.458244899457241
69 -0.433083802925542 -0.451427055982931 -0.423144810584458 -0.483014894022498
70 -0.456600111436142 -0.473974360442190 -0.445692115043708 -0.507784888587754
71 -0.485584999734043 -0.495129423266639 -0.466847177868158 -0.532554883153010
72 -0.512676866755290 -0.522399444528260 -0.494117199129809 -0.557324877718266
73 -0.536445260372340 -0.550480584650845 -0.522198339252360 -0.582094872283523
74 -0.566072563563840 -0.574721417667970 -0.546439172269510 -0.606864866848779
75 -0.589993808244690 -0.609599944201985 -0.581317698803510 -0.631634861414035
76 -0.613344106116990 -0.639453081015655 -0.611170835617210 -0.656404855979291
77 -0.642641685904240 -0.667557042704960 -0.639274797306510 -0.681174850544547
78 -0.667917888031895 -0.702728518835015 -0.674446273436560 -0.705944845109804
79 -0.700444930585095 -0.708683848458510 -0.680401603060060 -0.730714839675060
80 -0.725578866755290 -0.751645374662665 -0.723363129264210 -0.755484834240316
81 -0.757313276329795 -0.775958194451310 -0.747675949052860 -0.780254828805572
82 -0.791049712499990 -0.809129651423350 -0.780847406024910 -0.805024823370829
83 -0.820848983776590 -0.831615602858930 -0.803333357460460 -0.829794817936085
84 -0.846673308244690 -0.870752244186640 -0.842469998788160 -0.854564812501341
85 -0.877727760372340 -0.893739313718585 -0.865457068320110 -0.879334807066598
86 -0.906203765691490 -0.928609657850795 -0.900327412452310 -0.904104801631854
87 -0.941672584840440 -0.950159300965890 -0.921877055567410 -0.928874796197110
88 -0.968487063563845 -0.982717287123580 -0.954435041725110 -0.953644790762366
89 -1.00329254760639 -1.01567315851213 -0.987390913113660 -0.978414785327622
90 -1.03915666994679 -1.05393210690996 -1.02564986151151 -1.00318477989288
91 -1.06599382420214 -1.07575553280961 -1.04747328741116 -1.02795477445813
92 -1.09628637739359 -1.11067876419620 -1.08239651879776 -1.05272476902339
93 -1.12646371781914 -1.15018969280433 -1.12190744740586 -1.07749476358865
94 -1.15820177101064 -1.18121199181178 -1.15292974641331 -1.10226475815390
95 -1.19056306356384 -1.20912853293753 -1.18084628753906 -1.12703475271916
96 -1.22184376569149 -1.24695212533488 -1.21866987993641 -1.15180474728442
97 -1.26024449441489 -1.28252690128234 -1.25424465588386 -1.17657474184967
98 -1.28361195186169 -1.29954138727816 -1.27125914187971 -1.20134473641493
99 -1.30182776569149 -1.30105727689225 -1.27277503149376 -1.22611473098018

