# Type:  log(bkz)   # Type:  log(pressed-bkz)
0 1.24521131779167 1.24521131779167
1 1.25047568279166 1.21480027279166
2 1.23477130779167 1.18696698279167
3 1.21258046779166 1.16607938279166
4 1.19610052279167 1.14546948779166
5 1.18610158279166 1.12008576779167
6 1.16257837279166 1.10579299779166
7 1.14390693279167 1.07788907279167
8 1.11998681779166 1.06147803779167
9 1.10559602279167 1.03996595779166
10 1.08382129279167 1.01467535279166
11 1.06658666279167 0.995868947791665
12 1.06147751279166 0.968049492791665
13 1.03804819279167 0.950469807791670
14 1.01932264779167 0.929537312791665
15 1.00220825779166 0.905737517791665
16 0.983825712791665 0.887047892791665
17 0.972818867791665 0.864112487791665
18 0.955157742791670 0.843040157791665
19 0.937463622791665 0.822771487791665
20 0.913284987791670 0.801183207791665
21 0.899131107791665 0.781810692791665
22 0.885075272791665 0.757241802791665
23 0.857386502791665 0.740704942791665
24 0.844711877791665 0.720952607791665
25 0.824499062791665 0.695495217791665
26 0.805233252791665 0.675737272791665
27 0.785348917791665 0.658046872791665
28 0.763142317791670 0.636123532791665
29 0.743225827791665 0.614529322791665
30 0.728924312791665 0.598478152791665
31 0.706318982791665 0.577810222791665
32 0.674603387791665 0.551656557791665
33 0.644240447791665 0.534011622791665
34 0.630550697791665 0.518741847791665
35 0.606853092791665 0.496747052791667
36 0.586886247791665 0.480152717791667
37 0.567502752791665 0.462042402791667
38 0.544118157791665 0.443484747791668
39 0.519724902791665 0.427596962791667
40 0.499117952791667 0.413864617791667
41 0.480885142791667 0.394142657791667
42 0.448500732791667 0.375855397791667
43 0.422378417791668 0.358111707791667
44 0.394461807791668 0.344296127791667
45 0.368454452791667 0.326226472791667
46 0.352659932791667 0.308220277791667
47 0.320873222791667 0.292563362791667
48 0.296360542791668 0.273452497791668
49 0.269689847791667 0.257179227791667
50 0.243643472791667 0.239201232791667
51 0.233951612791667 0.220618717791667
52 0.201655962791667 0.205936592791667
53 0.168609497791667 0.185298967791667
54 0.150274817791667 0.169058332791667
55 0.119321032791667 0.150719537791667
56 0.0911260427916670 0.132924617791667
57 0.0682118227916670 0.116061227791667
58 0.0398717227916671 0.0976652527916670
59 0.00787462779166710 0.0796158027916670
60 -0.0128801522083329 0.0575450627916670
61 -0.0297023572083329 0.0440834427916671
62 -0.0503685872083330 0.0231966877916671
63 -0.0672806822083330 0.00332218279166710
64 -0.0823277972083330 -0.0149684322083329
65 -0.102751272208333 -0.0334407422083329
66 -0.120895342208333 -0.0523557172083330
67 -0.137363652208333 -0.0773552822083330
68 -0.161246732208333 -0.0911511872083330
69 -0.177433962208333 -0.111746447208333
70 -0.200989417208333 -0.134987767208333
71 -0.221438322208333 -0.155206152208333
72 -0.243030472208333 -0.176476462208333
73 -0.263902087208333 -0.195843872208333
74 -0.282738672208333 -0.215003927208333
75 -0.303626127208333 -0.238469617208333
76 -0.326628997208333 -0.261251747208333
77 -0.351887702208333 -0.281675902208333
78 -0.370318292208333 -0.303002857208333
79 -0.395605332208333 -0.326109032208333
80 -0.416248097208333 -0.346902262208333
81 -0.441817787208333 -0.373204997208333
82 -0.464672807208333 -0.399502922208333
83 -0.486904197208333 -0.418060507208332
84 -0.514573662208335 -0.445483567208333
85 -0.539258832208335 -0.472409242208333
86 -0.561993147208335 -0.494813967208332
87 -0.589272382208335 -0.519857572208335
88 -0.610145522208335 -0.545686842208335
89 -0.636140527208335 -0.575643367208335
90 -0.660430512208335 -0.594867417208335
91 -0.692427372208335 -0.626818667208335
92 -0.713891717208335 -0.651589017208335
93 -0.746306017208335 -0.676383947208335
94 -0.772796687208335 -0.705983092208335
95 -0.804318632208335 -0.734702922208335
96 -0.828570317208335 -0.760566187208335
97 -0.857072512208335 -0.786374982208335
98 -0.889863692208330 -0.813601577208335
99 -0.915556122208335 -0.848350487208335
100 -0.944359317208335 -0.878252377208335
101 -0.976461642208335 -0.913339557208335
102 -1.00412201220833 -0.936752077208335
103 -1.03761755220834 -0.970538082208335
104 -1.07324561720833 -0.997261712208335
105 -1.10297908720833 -1.03525916220833
106 -1.12912041220833 -1.06356205720834
107 -1.16470134720833 -1.10215763720834
108 -1.19375956720833 -1.12921556720834
109 -1.23212109720833 -1.16362497220833
110 -1.25954460720833 -1.19283298720833
111 -1.29249556720833 -1.22933633720834
112 -1.31754944220833 -1.25776348720833
113 -1.35408133220833 -1.29071093220833
114 -1.37751757220833 -1.31517505220833
115 -1.41459937720833 -1.33636145220833
116 -1.42356486720833 -1.35767265720833
117 -1.45308574720833 -1.39186078720834
118 -1.44925350220834 -1.37788056720833
119 -1.44186814720834 -1.38735157720833
  
