# Type: slope(our simulator for pressed-bkz_60)  # Type: slope(CN simulator for standard bkz_60)
50    -0.0415630335677600    -0.0486035764018000    
60    -0.0412332784041500    -0.0461255508533000    
70    -0.0401176812693000    -0.0436991050455000    
80    -0.0386711967231100    -0.0414387696677000    
90    -0.0372187154012400    -0.0393722578259000    
100    -0.0357973776435100    -0.0374951537553000    
110    -0.0344025946172600    -0.0357919058856000    
120    -0.0330788875813600    -0.0342441392286000    
130    -0.0318576434642500    -0.0328339209150000    
140    -0.0307034611285000    -0.0315449410677000    
150    -0.0296291807178400    -0.0303628212974000    
160    -0.0286362036327300    -0.0292750663490000    
170    -0.0277038739422600    -0.0282708829401000    
180    -0.0268359929128900    -0.0273409632055000    
190    -0.0260284113124400    -0.0264772737368000    
200    -0.0252670477374700    -0.0256728657916000    
210    -0.0245570770449778    -0.0249217108772000    
220    -0.0238838435095889    -0.0242185610367000    
230    -0.0232546097171333    -0.0235588312807000    
240    -0.0226596392649889    -0.0229385010929000    
250    -0.0220956825757889    -0.0223540320238000    
260    -0.0215637002189222    -0.0218022987018000    
270    -0.0210602042839778    -0.0212805309721000    
280    -0.0205824753594889    -0.0207862652430000    
290    -0.0201270191326000    -0.0203173034523000    
300    -0.0196937082617778    -0.0198716783439000    
310    -0.0192816639977333    -0.0194476239848000    
320    -0.0188881475941333    -0.0190435506427000    
330    -0.0185117942376111    -0.0186580233043000    
340    -0.0181521678005111    -0.0182897432430000    
350    -0.0178071547162889    -0.0179375321491000    
360    -0.0174787519437556    -0.0176003184205000    
370    -0.0171644671477778    -0.0172771252813000    
380    -0.0168636925398444    -0.0169670604524000    
390    -0.0165756394657889    -0.0166693071435000    
400    -0.0162979524432444    -0.0163831161752000    
410    -0.0160335714707667    -0.0161077990682000    
420    -0.0157779902558556    -0.0158427219658000    
430    -0.0155307764312333    -0.0155873002740000    
440    -0.0152896653091667    -0.0153409939232000    
450    -0.0150566645492444    -0.0151033031673000    
460    -0.0148325435362444    -0.0148737648532000    
470    -0.0146149089800778    -0.0146519490975000    
480    -0.0144039102263444    -0.0144374563214000    
490    -0.0142029445216778    -0.0142299145983000    
500    -0.0140049932225667    -0.0140289772770000    
