# Type:  log(experiment)   # Type:  Upper  (CN simulator)   # Type:  log(our simulator)
1 1.01732385802894 1.01775454236381 1.01776264676014
2 1.01471233348954 1.01507371646384 1.01509725809960
3 1.01301683772464 1.01312930670478 1.01314450182922
4 1.01217222840861 1.01219001358445 1.01219599938778
5 1.01182408525780 1.01177503825991 1.01180564234577
6 1.01161785333378 1.01159221301671 1.01161392282013
7 1.01149913894096 1.01151166135970 1.01151074483754
8 1.01144719783195 1.01147616835377 1.01143231140727
9 1.01140970140489 1.01146052877822 1.01136715249699
10 1.01136471360743 1.01145363728582 1.01133271236529
11 1.01131344593872 1.01145060056893 1.01130721486349
12 1.01128602869930 1.01144926244443 1.01129337926457
13 1.01125142176556 1.01144867280127 1.01127155657041
14 1.01122897992003 1.01144841297549 1.01124563661798
15 1.01121247432854 1.01144829848344 1.01123421367145
16 1.01120248346563 1.01144824803260 1.01122482497121
17 1.01118971366111 1.01144822580147 1.01120883566443
18 1.01117258935953 1.01144821600533 1.01119490651166
19 1.01116134689767 1.01144821168867 1.01118309145650
20 1.01114565932281 1.01144820978654 1.01116773526539
21 1.01113243802900 1.01144820894837 1.01115463175229
22 1.01112624955041 1.01144820857903 1.01114595093296
23 1.01111771045105 1.01144820841628 1.01114234325454
24 1.01110133261824 1.01144820834456 1.01113671630757
25 1.01109662048434 1.01144820831296 1.01113168467211
26 1.01109502801922 1.01144820829903 1.01112477098727
27 1.01108821971174 1.01144820829290 1.01112209624970
28 1.01107434325808 1.01144820829019 1.01111685536612
29 1.01107179528307 1.01144820828901 1.01110524016011
30 1.01106556600022 1.01144820828848 1.01109934535187
31 1.01106556599838 1.01144820828825 1.01109352722598
32 1.01106329376593 1.01144820828814 1.01108953614456
33 1.01106114450353 1.01144820828810 1.01108317737320
34 1.01105408895628 1.01144820828808 1.01107861726349
35 1.01104981058246 1.01144820828807 1.01107705581491
36 1.01104697990858 1.01144820828807 1.01107310897103
37 1.01104433137173 1.01144820828807 1.01107310897103
38 1.01104204557730 1.01144820828807 1.01106396647029
39 1.01104135237541 1.01144820828806 1.01106097433613
40 1.01103906872512 1.01144820828806 1.01105968233936
41 1.01103174979218 1.01144820828806 1.01105500440584
42 1.01102947887335 1.01144820828806 1.01104954790215
43 1.01102726746757 1.01144820828806 1.01104534074927
44 1.01102276576785 1.01144820828806 1.01104105733406
45 1.01101317815694 1.01144820828806 1.01103554865738
46 1.01101220571067 1.01144820828806 1.01103554865738
47 1.01099363346580 1.01144820828806 1.01102918297890
48 1.01099230397178 1.01144820828806 1.01102473185939
49 1.01099162819745 1.01144820828806 1.01102220288018
50 1.01099162820624 1.01144820828806 1.01101969132014
51 1.01099055864048 1.01144820828806 1.01101735562874
52 1.01099020933356 1.01144820828806 1.01101311500714
53 1.01098764769452 1.01144820828806 1.01101072839330
54 1.01098726574284 1.01144820828806 1.01100753865937
55 1.01098428351354 1.01144820828806 1.01100617516476
56 1.01097355626474 1.01144820828806 1.01100286020144
57 1.01097129457397 1.01144820828806 1.01100094676410
58 1.01097129457136 1.01144820828806 1.01099765911382
59 1.01096447419003 1.01144820828806 1.01099646348070
60 1.01095669183391 1.01144820828806 1.01099395849294
61 1.01095263702428 1.01144820828806 1.01099343893294
62 1.01095015746962 1.01144820828806 1.01099120240411
63 1.01094591455689 1.01144820828806 1.01098999308457
64 1.01094265425286 1.01144820828806 1.01098999308457
65 1.01094130371701 1.01144820828806 1.01098466027877
66 1.01094006252911 1.01144820828806 1.01098335190429
67 1.01094006253858 1.01144820828806 1.01098067929440
68 1.01094006253317 1.01144820828806 1.01097729740795
69 1.01094006253602 1.01144820828806 1.01097589577750
70 1.01093615675732 1.01144820828806 1.01097223450876
71 1.01093513356238 1.01144820828806 1.01097212541458
72 1.01093513355809 1.01144820828806 1.01096789486508
73 1.01093271857609 1.01144820828806 1.01096127902942
74 1.01093030461116 1.01144820828806 1.01096117644017
75 1.01093030461945 1.01144820828806 1.01096032008281
76 1.01092638513617 1.01144820828806 1.01095763021582
77 1.01092226407355 1.01144820828806 1.01095763021582
78 1.01092226407243 1.01144820828806 1.01095490710985
79 1.01091389899239 1.01144820828806 1.01095490710985
80 1.01091389897878 1.01144820828806 1.01095150042451
81 1.01091389898500 1.01144820828806 1.01094954806584
82 1.01090991080320 1.01144820828806 1.01094729932772
83 1.01090991082428 1.01144820828806 1.01094474425803
84 1.01090991082274 1.01144820828806 1.01094360395609
85 1.01090110019974 1.01144820828806 1.01094360395609
86 1.01090073323162 1.01144820828806 1.01094233858945
87 1.01090020524672 1.01144820828806 1.01094233858945
88 1.01090020525083 1.01144820828806 1.01094179462942
89 1.01089877620750 1.01144820828806 1.01094179462942
90 1.01089828007884 1.01144820828806 1.01094083591185
91 1.01089828007385 1.01144820828806 1.01093925472250
92 1.01089828009724 1.01144820828806 1.01093925472250
93 1.01089552643198 1.01144820828806 1.01093789106583
94 1.01089552643402 1.01144820828806 1.01093723017258
95 1.01089361865667 1.01144820828806 1.01093492075559
96 1.01089361865375 1.01144820828806 1.01093484798103
97 1.01089361864384 1.01144820828806 1.01093478476665
98 1.01089257101723 1.01144820828806 1.01093279683797
99 1.01088616590473 1.01144820828806 1.01093253855450
