# Type:  log(bi)   # Type:  Upper  (Minkowski)   # Type:  GH   # Type:  Expected lambda1  
0.000000000000000     1.25204074010000     1.92845396363902     1.23530678307908     1.24311106960481
1.00000000000000     1.24035264510000     1.90534942863902     1.21220224807908     1.22000653460481
2.00000000000000     1.22641870010000     1.88173866563902     1.18859148507908     1.19639577160481
3.00000000000000     1.20719154010000     1.85767783288902     1.16453065232908     1.17233493885481
4.00000000000000     1.18460034510000     1.83322253638902     1.14007535582908     1.14787964235481
5.00000000000000     1.16864021010000     1.80848234138902     1.11533516082908     1.12313944735481
6.00000000000000     1.14439190510000     1.78306778863902     1.08992060807908     1.09772489460481
7.00000000000000     1.12280072510000     1.75743967038902     1.06429248982908     1.07209677635481
8.00000000000000     1.09640489510000     1.73181066963902     1.03866348907908     1.04646777560481
9.00000000000000     1.06610218010000     1.70584996488902     1.01270278432908     1.02050707085481
10.0000000000000     1.04610321010000     1.68015815488902    0.987010974329076    0.994815260854813
11.0000000000000     1.02314810010000     1.65412183763902    0.960974657079076    0.968778943604813
12.0000000000000     1.00109138010000     1.62820056363902    0.935053383079076    0.942857669604813
13.0000000000000    0.971531550100000     1.60178943963902    0.908642259079076    0.916446545604813
14.0000000000000    0.944618955100000     1.57576096438902    0.882613783829076    0.890418070354813
15.0000000000000    0.922545725100000     1.54952256038902    0.856375379829076    0.864179666354813
16.0000000000000    0.898546295100000     1.52305534938902    0.829908168829076    0.837712455354813
17.0000000000000    0.865547605100000     1.49660005538902    0.803452874829076    0.811257161354813
18.0000000000000    0.849479415100000     1.47043288388902    0.777285703329076    0.785089989854813
19.0000000000000    0.817465825100001     1.44367357313902    0.750526392579076    0.758330679104813
20.0000000000000    0.789950040100000     1.41715708013902    0.724009899579076    0.731814186104813
21.0000000000000    0.768137385100000     1.39075985988902    0.697612679329076    0.705416965854813
22.0000000000000    0.745202045100000     1.36409944288902    0.670952262329076    0.678756548854813
23.0000000000000    0.718085610100000     1.33735567163902    0.644208491079076    0.652012777604813
24.0000000000000    0.689796445100000     1.31033465138902    0.617187470829076    0.624991757354813
25.0000000000000    0.660349155100000     1.28363519513902    0.590488014579076    0.598292301104813
26.0000000000000    0.631829540100000     1.25705573263902    0.563908552079076    0.571712838604813
27.0000000000000    0.610220710100000     1.23079094438902    0.537643763829076    0.545448050354813
28.0000000000000    0.577190800100000     1.20447633963902    0.511329159079076    0.519133445604813
29.0000000000000    0.552265980100000     1.17823158213902    0.485084401579076    0.492888688104813
30.0000000000000    0.525376865100000     1.15170241513902    0.458555234579076    0.466359521104813
31.0000000000000    0.504722620100000     1.12534888138902    0.432201700829076    0.440005987354813
32.0000000000000    0.472868900100000     1.09846692388902    0.405319743329076    0.413124029854813
33.0000000000000    0.450962045100000     1.07210401988902    0.378956839329076    0.386761125854813
34.0000000000000    0.419850875100000     1.04554639388902    0.352399213329076    0.360203499854813
35.0000000000000    0.393201505100000     1.01888816188902    0.325740981329076    0.333545267854813
36.0000000000000    0.369440415100000    0.992344510139021    0.299197329579076    0.307001616104813
37.0000000000000    0.342204175100000    0.965396789389021    0.272249608829076    0.280053895354813
38.0000000000000    0.314293200100000    0.938728142139021    0.245580961579076    0.253385248104813
39.0000000000000    0.287135965100000    0.911953314639021    0.218806134079076    0.226610420604813
40.0000000000000    0.262005635100000    0.885107550889021    0.191960370329076    0.199764656854813
41.0000000000000    0.234929045100000    0.858449404889021    0.165302224329076    0.173106510854813
42.0000000000000    0.210326620100000    0.831812518389021    0.138665337829076    0.146469624354813
43.0000000000000    0.177665205100000    0.805160259639021    0.112013079079076    0.119817365604813
44.0000000000000    0.155807320100000    0.778409373389021   0.0852621928290757   0.0930664793548128
45.0000000000000    0.128759905100000    0.751666666639021   0.0585194860790757   0.0663237726048128
46.0000000000000    0.106533775100000    0.724840044389021   0.0316928638290757   0.0394971503548127
47.0000000000000   0.0839286151000001    0.697510375889021  0.00436319532907573   0.0121674818548128
48.0000000000000   0.0522956501000001    0.669995493139021  -0.0231516874209243  -0.0153474008951872
49.0000000000000   0.0216826401000001    0.643119705639021  -0.0500274749209243  -0.0422231883951873
50.0000000000000 -0.00169380989999996    0.616347912389021  -0.0767992681709243  -0.0689949816451872
51.0000000000000  -0.0329165299000000    0.589261875639021   -0.103885304920924  -0.0960810183951873
52.0000000000000  -0.0543891799000000    0.562808927139021   -0.130338253420924   -0.122533966895187
53.0000000000000  -0.0801904748999999    0.536111031139021   -0.157036149420924   -0.149231862895187
54.0000000000000   -0.113313764900000    0.509152287889021   -0.183994892670924   -0.176190606145187
55.0000000000000   -0.137671529900000    0.482547727139021   -0.210599453420924   -0.202795166895187
56.0000000000000   -0.169513999900000    0.455874513139021   -0.237272667420924   -0.229468380895187
57.0000000000000   -0.191168769900000    0.429130008389021   -0.264017172170924   -0.256212885645187
58.0000000000000   -0.221203349900000    0.402801074139021   -0.290346106420924   -0.282541819895187
59.0000000000000   -0.249779309900000    0.376429514139021   -0.316717666420924   -0.308913379895187
60.0000000000000   -0.271157284900000    0.350158267389021   -0.342988913170924   -0.335184626645187
61.0000000000000   -0.297808684900000    0.323368298389021   -0.369778882170924   -0.361974595645187
62.0000000000000   -0.322718554900000    0.296480969139021   -0.396666211420924   -0.388861924895187
63.0000000000000   -0.357352519900000    0.269319073389021   -0.423828107170924   -0.416023820645187
64.0000000000000   -0.379046814900000    0.242591212889021   -0.450555967670924   -0.442751681145187
65.0000000000000   -0.407772539900000    0.215505876389021   -0.477641304170924   -0.469837017645187
66.0000000000000   -0.440059594900000    0.188481577639021   -0.504665602920924   -0.496861316395187
67.0000000000000   -0.466369039900000    0.161526903889021   -0.531620276670924   -0.523815990145187
68.0000000000000   -0.485220099900000    0.134478138639021   -0.558669041920924   -0.550864755395187
69.0000000000000   -0.513753224900000    0.106907390639021   -0.586239789920924   -0.578435503395187
70.0000000000000   -0.543414544900000   0.0794240001390208   -0.613723180420924   -0.605918893895187
71.0000000000000   -0.561975499900000   0.0518293893890209   -0.641317791170924   -0.633513504645187
72.0000000000000   -0.588347099900000   0.0237205646390209   -0.669426615920924   -0.661622329395187
73.0000000000000   -0.619365339900000 -0.00461046811097909   -0.697757648670924   -0.689953362145187
74.0000000000000   -0.645404979900000  -0.0331263643609792   -0.726273544920924   -0.718469258395187
75.0000000000000   -0.671135809900000  -0.0615227651109791   -0.754669945670924   -0.746865659145187
76.0000000000000   -0.704404094900000  -0.0900452146109790   -0.783192395170924   -0.775388108645187
77.0000000000000   -0.717747454900000   -0.117918159110979   -0.811065339670924   -0.803261053145187
78.0000000000000   -0.748634549900000   -0.146364316110979   -0.839511496670924   -0.831707210145187
79.0000000000000   -0.775204244900000   -0.174456985360979   -0.867604165920924   -0.859799879395187
80.0000000000000   -0.806956664900000   -0.200862530610979   -0.894009711170924   -0.886205424645187
81.0000000000000   -0.835555269900000   -0.236571765190873   -0.929718945750818   -0.921395406541486
82.0000000000000   -0.865956469900000   -0.273271569204673   -0.966418749764619   -0.957505863620324
83.0000000000000   -0.891909729900000   -0.310953416041386    -1.00410059660133   -0.994513644891291
84.0000000000000   -0.920753544900000   -0.349988193655677    -1.04313537421562    -1.03277077572420
85.0000000000000   -0.948258514900000   -0.390345029111355    -1.08349220967130    -1.07222166879814
86.0000000000000   -0.979153069900000   -0.432271789688654    -1.12541897024860    -1.11308123071676
87.0000000000000    -1.00734434490000   -0.475710103667929    -1.16885728422787    -1.15524623681283
88.0000000000000    -1.03663505990000   -0.521065188763913    -1.21421236932386    -1.19905944288231
89.0000000000000    -1.06342103490000   -0.568510781368651    -1.26165796192860    -1.24460524387727
90.0000000000000    -1.09530675990000   -0.618605011486550    -1.31175219204650    -1.29230991525034
91.0000000000000    -1.12415199490000   -0.671244818640453    -1.36439199920040    -1.34186842276437
92.0000000000000    -1.15496775490000   -0.727199218471262    -1.42034639903121    -1.39372618558725
93.0000000000000    -1.18968326490000   -0.786817927144406    -1.47996510770435    -1.44768495936955
94.0000000000000    -1.21333299490000   -0.850133594060079    -1.54328077462002    -1.50278227867651
95.0000000000000    -1.24158479990000   -0.919807334795340    -1.61295451535529    -1.55969916924661
96.0000000000000    -1.26186298490000   -0.996515133374768    -1.68966231393471    -1.61464735521654
97.0000000000000    -1.28667059490000    -1.08448136544045    -1.77762854600039    -1.65977112755409
98.0000000000000    -1.31048793490000    -1.18611930476475    -1.87926648532470    -1.65347513267997
