# Type:  log(bi)   # Type:  Upper  (Minkowski)   # Type:  GH   # Type:  Expected lambda1  
0.000000000000000     1.09541822885000     1.88496771794661     1.19182053738666     1.19658425903481
1.00000000000000     1.09822698385000     1.86512585894661     1.17197867838666     1.17674240003481
2.00000000000000     1.08078899385000     1.84454937227994     1.15140219172000     1.15616591336814
3.00000000000000     1.06264070385000     1.82386077627994     1.13071359572000     1.13547731736814
4.00000000000000     1.04378330385000     1.80290114661328     1.10975396605333     1.11451768770147
5.00000000000000     1.03201136885000     1.78166957727994     1.08852239672000     1.09328611836814
6.00000000000000     1.01335795385000     1.76010676311328     1.06695958255333     1.07172330420147
7.00000000000000    0.990299478850001     1.73853169994661     1.04538451938666     1.05014824103481
8.00000000000000    0.971669533850000     1.71700319694661     1.02385601638666     1.02861973803481
9.00000000000000    0.950986303850000     1.69532336577994     1.00217618522000     1.00693990686814
10.0000000000000    0.928374703850000     1.67344855144661    0.980301370886663    0.985065092534807
11.0000000000000    0.913544473850000     1.65140884527994    0.958261664719997    0.963025386368140
12.0000000000000    0.893991083850000     1.62919245677994    0.936045276219996    0.940808997868140
13.0000000000000    0.872563598850001     1.60685491944661    0.913707738886663    0.918471460534807
14.0000000000000    0.857011278850001     1.58446420861328    0.891317028053330    0.896080749701473
15.0000000000000    0.834050988850000     1.56151618711328    0.868369006553330    0.873132728201473
16.0000000000000    0.811889488850001     1.53885151277994    0.845704332219997    0.850468053868140
17.0000000000000    0.786374613850000     1.51603261127994    0.822885430719997    0.827649152368140
18.0000000000000    0.769831883850000     1.49321002927994    0.800062848719997    0.804826570368140
19.0000000000000    0.749094203850000     1.47001326927994    0.776866088719997    0.781629810368140
20.0000000000000    0.724227653850001     1.44673158877994    0.753584408219997    0.758348129868140
21.0000000000000    0.708145938850001     1.42350483527994    0.730357654719997    0.735121376368140
22.0000000000000    0.684554838850000     1.39991849277994    0.706771312219997    0.711535033868140
23.0000000000000    0.661436398850000     1.37624956944661    0.683102388886663    0.687866110534807
24.0000000000000    0.636535953850000     1.35239936461328    0.659252184053330    0.664015905701473
25.0000000000000    0.615398673850000     1.32865840327994    0.635511222719997    0.640274944368140
26.0000000000000    0.593642738850000     1.30482220227994    0.611675021719997    0.616438743368140
27.0000000000000    0.571987273850000     1.28085981594661    0.587712635386663    0.592476357034807
28.0000000000000    0.547862473850000     1.25673321811328    0.563586037553330    0.568349759201473
29.0000000000000    0.526591908850000     1.23268248977994    0.539535309219997    0.544299030868140
30.0000000000000    0.500162458850000     1.20829973644661    0.515152555886663    0.519916277534807
31.0000000000000    0.480932383850001     1.18415079477994    0.491003614219997    0.495767335868140
32.0000000000000    0.460131113850001     1.15964907777994    0.466501897219997    0.471265618868140
33.0000000000000    0.433851813850000     1.13518456444661    0.442037383886663    0.446801105534807
34.0000000000000    0.406836223850000     1.11062776877994    0.417480588219997    0.422244309868140
35.0000000000000    0.385126943850000     1.08630106111328    0.393153880553330    0.397917602201473
36.0000000000000    0.366106058850000     1.06180518694661    0.368658006386663    0.373421728034807
37.0000000000000    0.344444388850000     1.03706239961328    0.343915219053330    0.348678940701473
38.0000000000000    0.321274598850000     1.01226320144661    0.319116020886663    0.323879742534807
39.0000000000000    0.294741873850000    0.987408792613275    0.294261612053330    0.299025333701473
40.0000000000000    0.267183518850000    0.962637033279942    0.269489852719997    0.274253574368140
41.0000000000000    0.247052818850000    0.937855202113275    0.244708021553330    0.249471743201473
42.0000000000000    0.223864963850000    0.913055415279942    0.219908234719997    0.224671956368140
43.0000000000000    0.200842273850000    0.888197292446609    0.195050111886663    0.199813833534807
44.0000000000000    0.168570633850000    0.863237098779942    0.170089918219997    0.174853639868140
45.0000000000000    0.154110758850000    0.838516678779942    0.145369498219997    0.150133219868140
46.0000000000000    0.127322443850000    0.813307999613275    0.120160819053330    0.124924540701473
47.0000000000000    0.101697153850000    0.788120278779942   0.0949730982199967   0.0997368198681400
48.0000000000000   0.0739290838500003    0.762925633946609   0.0697784533866633   0.0745421750348066
49.0000000000000   0.0506437888500003    0.737848703946609   0.0447015233866633   0.0494652450348067
50.0000000000000   0.0274250488500003    0.712490088279942   0.0193429077199967   0.0241066293681400
51.0000000000000 0.000555663850000254    0.686923712613275 -0.00622346794667000 -0.00145974629852668
52.0000000000000  -0.0255128611499997    0.661468474113275  -0.0316787064466700  -0.0269149847985267
53.0000000000000  -0.0540697461499997    0.635737107446609  -0.0574100731133367  -0.0526463514651934
54.0000000000000  -0.0756928861499997    0.609869892779942  -0.0832772877800034  -0.0785135661318601
55.0000000000000  -0.0996873561499997    0.583694929946609   -0.109452250613337   -0.104688528965193
56.0000000000000   -0.125228851150000    0.557396217113275   -0.135750963446670   -0.130987241798527
57.0000000000000   -0.151810661150000    0.530897458113275   -0.162249722446670   -0.157486000798527
58.0000000000000   -0.173659376150000    0.504363736279942   -0.188783444280003   -0.184019722631860
59.0000000000000   -0.204890691150000    0.477616264113275   -0.215530916446670   -0.210767194798527
60.0000000000000   -0.224305791150000    0.450950429779942   -0.242196750780003   -0.237433029131860
61.0000000000000   -0.254119126150000    0.423839506613275   -0.269307673946670   -0.264543952298527
62.0000000000000   -0.273804286150000    0.396641398446609   -0.296505782113337   -0.291742060465193
63.0000000000000   -0.302852056150000    0.368967163113275   -0.324180017446670   -0.319416295798527
64.0000000000000   -0.322965006150000    0.341361063946609   -0.351786116613337   -0.347022394965193
65.0000000000000   -0.349749281150000    0.313096419613275   -0.380050760946670   -0.375287039298527
66.0000000000000   -0.376177561150000    0.284828920946609   -0.408318259613337   -0.403554537965193
67.0000000000000   -0.399531556150000    0.256293459946609   -0.436853720613337   -0.432089998965193
68.0000000000000   -0.424357666150000    0.227661229613275   -0.465485950946670   -0.460722229298527
69.0000000000000   -0.448410906150000    0.199174432113275   -0.493972748446670   -0.489209026798527
70.0000000000000   -0.476271416150000    0.171548838113275   -0.521598342446670   -0.516834620798527
71.0000000000000   -0.496940786149999    0.142744738937508   -0.550402441622437   -0.545442896190611
72.0000000000000   -0.521878721150000    0.113216523904484   -0.579930656655461   -0.574759004589485
73.0000000000000   -0.547963536150000   0.0830631041403969   -0.610084076419548   -0.604681965736889
74.0000000000000   -0.573041966150000   0.0522801200669155   -0.640867060493030   -0.635213710963409
75.0000000000000   -0.602149616149999   0.0207782061350333   -0.672368974424912   -0.666440738303409
76.0000000000000   -0.628309181150000  -0.0113349636955093   -0.704482144255455   -0.698251964698925
77.0000000000000   -0.654142191150000  -0.0442338769088224   -0.737381057468768   -0.730817795061657
78.0000000000000   -0.678378816150000  -0.0780026764295781   -0.771149856989523   -0.764217444455990
79.0000000000000   -0.710114681150000   -0.112798555821077   -0.805945736381022   -0.798602106901615
80.0000000000000   -0.739566221150000   -0.148351256610979   -0.841498437170924   -0.833694150645187
81.0000000000000   -0.763101491149999   -0.184843605388241   -0.877990785948186   -0.869667246738855
82.0000000000000   -0.797453861150000   -0.222694832676895   -0.915842013236841   -0.906929127092546
83.0000000000000   -0.830086186150000   -0.261431142585503   -0.954578323145449   -0.944991371435408
84.0000000000000   -0.860941771149999   -0.301234749593177   -0.994381930153122   -0.984017331661703
85.0000000000000   -0.888648741150000   -0.342328807028021    -1.03547598758797    -1.02420544671481
86.0000000000000   -0.920191621150000   -0.385083678438654    -1.07823085899860    -1.06589311946676
87.0000000000000   -0.947822316150000   -0.429427633764083    -1.12257481432403    -1.10896376690898
88.0000000000000   -0.976083541150000   -0.475886015430580    -1.16903319599052    -1.15388026954897
89.0000000000000    -1.00486572115000   -0.524729093982287    -1.21787627454223    -1.20082355649091
90.0000000000000    -1.03763348615000   -0.576300686736550    -1.26944786729650    -1.25000559050034
91.0000000000000    -1.07006237115000   -0.630648154890453    -1.32379533545040    -1.30127175901437
92.0000000000000    -1.10403134615000   -0.688289174721261    -1.38143635528121    -1.35481614183725
93.0000000000000    -1.13103503115000   -0.749625935537263    -1.44277311609721    -1.41049296776241
94.0000000000000    -1.17090433615000   -0.816517642810079    -1.50966482337002    -1.46916632742651
95.0000000000000    -1.19777424115000   -0.887953925045340    -1.58110110560529    -1.52784575949661
96.0000000000000    -1.23224139115000   -0.967651010874768    -1.66079819143471    -1.58578323271654
97.0000000000000    -1.25849846615000    -1.05586973335711    -1.74901691391706    -1.63115949547075
98.0000000000000    -1.27896159115000    -1.15728792101475    -1.85043510157470    -1.62464374892997
