# Type:  log(experiment)   # Type:  log(CN simulator)   # Type:  log(our simulator)
0 1.63097437158622 1.70747601538840 1.56189654487478
1 1.62408490808996 1.68478609605442 1.55065471290430
2 1.61223267049068 1.66209918752965 1.53926670825376
3 1.59722611411892 1.63941561580281 1.52635712488045
4 1.57868272800499 1.61673399656041 1.50938360622049
5 1.56420257902844 1.59405276539510 1.49559154752138
6 1.54718992070886 1.57137147625604 1.48180333821638
7 1.53364926718142 1.54868674293808 1.46691376430427
8 1.51416492067255 1.52599668806727 1.45061866930044
9 1.49651455823266 1.50329998368749 1.43877274623557
10 1.48089281428504 1.48059338438759 1.42231153485724
11 1.46981913858217 1.45788187038011 1.40406626624948
12 1.44132818392808 1.43515997912005 1.39161040886349
13 1.43513566870967 1.41242761170867 1.37641703627203
14 1.41160761671027 1.38968221469388 1.36000318844965
15 1.39511187530561 1.36692429084466 1.34094155426142
16 1.37807724753608 1.34414970459874 1.32685390777249
17 1.35786314750432 1.32135894771778 1.30759699426593
18 1.34147056860296 1.29854919929019 1.28771508341595
19 1.32176071319216 1.27572143712135 1.26919281718318
20 1.30021764656829 1.25287355382548 1.24764455338135
21 1.27865708407820 1.23000340674316 1.23184580728905
22 1.25562916420523 1.20710745714917 1.20860794666043
23 1.24777292402354 1.18418685588313 1.19308099581140
24 1.22424062161916 1.16123908375583 1.17735555778566
25 1.20561264353181 1.13826043803836 1.14693915180157
26 1.18691770439442 1.11524970492630 1.12908038905504
27 1.16490020727591 1.09220658236182 1.10128966421887
28 1.14733251216717 1.06912803531023 1.08267059185403
29 1.12516110672800 1.04601176357291 1.05829802265384
30 1.11014689172465 1.02286070910081 1.03693691393473
31 1.09204442559191 0.999682031424557 1.01463558556765
32 1.06922588298117 0.976569777974621 0.991594014937265
33 1.05011806395088 0.953519720911472 0.966660943452527
34 1.03140820177822 0.930527634652180 0.942055304755098
35 1.00692120513223 0.907589293627945 0.921563228899598
36 0.991165910156300 0.884700469996325 0.900218303384723
37 0.963133570760710 0.861856931306830 0.876704592697765
38 0.941601406728705 0.839054438119014 0.853479835261794
39 0.923712603139470 0.816288741572485 0.831668976768637
40 0.910755877260225 0.793555580908860 0.806173649825090
41 0.877342572198625 0.770850680946300 0.783429950238038
42 0.860888483900525 0.748169749508175 0.762900194894080
43 0.841535508482680 0.725508474808362 0.739235141677590
44 0.815632854178525 0.702862522797159 0.716459511804195
45 0.792760943303895 0.680227534473286 0.695057592774069
46 0.760937590163580 0.657728600229247 0.670408599033911
47 0.747033127730675 0.635494613263900 0.644546820660788
48 0.722553355632490 0.613294658641266 0.623772278162756
49 0.700240909300310 0.590952331592830 0.605605831565335
50 0.682079866411600 0.568864827985200 0.583929412345774
51 0.657117178866650 0.546731739931117 0.556588943254529
52 0.634600278910075 0.524571759769132 0.536458838631727
53 0.606953679014225 0.502263632012910 0.514289235973675
54 0.589748098024160 0.480000265060553 0.492909656870670
55 0.567304478151005 0.457734112500806 0.466007918992361
56 0.534115439748250 0.435459948534302 0.450141986432248
57 0.510955580201040 0.413228320213810 0.424857912812408
58 0.487889796272469 0.390848477489584 0.403918395391268
59 0.466272663247638 0.368589481493520 0.378886217059175
60 0.439042385050994 0.346080855350117 0.355290988651031
61 0.411712201904758 0.323571584568116 0.336416030135879
62 0.386567883631065 0.301084883918742 0.310413578695572
63 0.357550805298471 0.278518461259163 0.289057118023477
64 0.328219238210355 0.255860126641868 0.265070578080867
65 0.304300748295775 0.233175417051242 0.245347167120965
66 0.281918614459814 0.210287477178226 0.225127576401227
67 0.254266205654822 0.187283450689533 0.200051471415778
68 0.226426529813311 0.164194425280829 0.176270223224135
69 0.203165141964609 0.140904025693436 0.154957070971005
70 0.174990901852713 0.117902543938776 0.129664586539260
71 0.158671980680848 0.0945683947766232 0.104683437110392
72 0.131927066403432 0.0712179344373623 0.0859112063515455
73 0.108078505908555 0.0477037908208884 0.0594482467628900
74 0.0680921373136210 0.0242067837407626 0.0376478297805366
75 0.0443504077524856 0.000449116089843739 0.0136845446631151
76 0.0117548585459353 -0.0232957082590925 -0.0120194314413350
77 -0.00142320337265510 -0.0472259579377496 -0.0369631514175692
78 -0.0277245601933994 -0.0711165308403475 -0.0624330279594020
79 -0.0591379791290900 -0.0951515606305309 -0.0847555314034953
80 -0.0764052377633830 -0.119335271114020 -0.110385940220574
81 -0.113931603586177 -0.143753568896081 -0.136749912858766
82 -0.133418983067695 -0.168128618813435 -0.153255568950669
83 -0.162932245801275 -0.192679471755277 -0.181431147864314
84 -0.195691657504323 -0.217479659291557 -0.204850824930058
85 -0.219500442845755 -0.242383548685689 -0.230748344316677
86 -0.251714518878745 -0.267337648942015 -0.255553642758926
87 -0.287364031238596 -0.292506240734025 -0.282733995497774
88 -0.308299046844961 -0.317848268928626 -0.311700277114366
89 -0.346243701832698 -0.343051504753246 -0.333039744090673
90 -0.370682937601697 -0.367859951474359 -0.358265403273179
91 -0.400827552270792 -0.387053175571579 -0.377189604671410
92 -0.414954383252990 -0.406433645814280 -0.396582947742467
93 -0.428965446092599 -0.426005454646205 -0.413885547715974
94 -0.444995524091924 -0.445772826801873 -0.433247237903096
95 -0.471486361561244 -0.465740124269288 -0.458307961800799
96 -0.496252837965909 -0.485911851373324 -0.472396530205182
97 -0.510327851889950 -0.506292659962100 -0.494504764107963
98 -0.544974301410760 -0.526887354672673 -0.515955940979451
99 -0.573385882766730 -0.547700898245085 -0.536404336048362
100 -0.587764565362395 -0.568738416844665 -0.556946017310296
101 -0.622744130751025 -0.590005205341316 -0.579295548358950
102 -0.634087513956400 -0.611506732480544 -0.607082525207214
103 -0.662275638502340 -0.633248645863915 -0.628934272593984
104 -0.678365931052960 -0.655236776635222 -0.644993575297424
105 -0.703998343848445 -0.669708520169032 -0.661503226412311
106 -0.731685150797360 -0.676310617691675 -0.668105323934956
107 -0.756825342562460 -0.696502664094086 -0.688297370337366
108 -0.789033872055445 -0.727244964264841 -0.719039670508119
109 -0.811436550360015 -0.734297884865040 -0.726092591108318
110 -0.839086503427635 -0.759120455259706 -0.750915161502984
111 -0.870954427719780 -0.782867069788016 -0.774661776031294
112 -0.897341554859570 -0.813915905604165 -0.805710611847445
113 -0.922203156081675 -0.833538385128475 -0.825333091371753
114 -0.952318024518870 -0.855968888524295 -0.847763594767573
115 -0.974235053820485 -0.878715725489394 -0.870510431732673
116 -0.992675477114760 -0.898437750695282 -0.890232456938560
117 -1.00943836938509 -0.929562243239767 -0.921356949483044
118 -1.04906492658470 -0.944691282274255 -0.936485988517535
119 -1.07128519343210 -0.981928087110650 -0.973722793353929
120 -1.09065441196442 -1.00447539156991 -0.996270097813188
121 -1.12844149974736 -1.02563045439436 -1.01742516063764
122 -1.14000440515234 -1.05290047565598 -1.04469518189925
123 -1.16157164293409 -1.08098161577856 -1.07277632202184
124 -1.18112389625282 -1.10522244879569 -1.09701715503897
125 -1.22604956152554 -1.14010097532970 -1.13189568157299
126 -1.25141460561161 -1.16995411214337 -1.16174881838665
127 -1.29001242707562 -1.19805807383268 -1.18985278007596
128 -1.31981226548585 -1.23322954996273 -1.22502425620601
129 -1.35805384683685 -1.23918487958623 -1.23097958582951
130 -1.38647522392235 -1.28214640579039 -1.27394111203366
131 -1.41568511266737 -1.30645922557903 -1.29825393182231
132 -1.43904118164167 -1.33963068255107 -1.33142538879435
133 -1.48575028844915 -1.36211663398665 -1.35391134022993
134 -1.51773020956271 -1.40125327531436 -1.39304798155764
135 -1.56019193681662 -1.42424034484631 -1.41603505108958
136 -1.58905957132418 -1.45911068897851 -1.45090539522179
137 -1.62608376516974 -1.48066033209361 -1.47245503833689
138 -1.66181530476629 -1.51321831825130 -1.50501302449458
139 -1.69171092121652 -1.54617418963985 -1.53796889588313
140 -1.72807629425696 -1.58443313803768 -1.57622784428096
141 -1.76426461154916 -1.60625656393733 -1.59805127018061
142 -1.79604932958211 -1.64117979532392 -1.63297450156720
143 -1.83828526402441 -1.68069072393205 -1.67248543017533
144 -1.87564209305099 -1.71171302293951 -1.70350772918278
145 -1.91019930803675 -1.73962956406525 -1.73142427030852
146 -1.94342461862047 -1.77745315646260 -1.76924786270588
147 -1.96858661189321 -1.81302793241005 -1.80482263865334
148 -1.97719159540221 -1.83004241840588 -1.82183712464916
149 -1.98579716916257 -1.83155830801996 -1.82335301426324

