# Type: slope(our simulator for pressed-bkz_60)  # Type: slope(CN simulator for standard bkz_60)
50    -0.0466912861869800    -0.0479907562818000    
60    -0.0446103376157500    -0.0455741048313000    
70    -0.0423571908169300    -0.0431486410329000    
80    -0.0401978583671600    -0.0408777477668000    
90    -0.0382056033636100    -0.0388028713233000    
100    -0.0363896084503500    -0.0369229856303000    
110    -0.0347464306154100    -0.0352227514351000    
120    -0.0332655702633100    -0.0336830962793000    
130    -0.0319280861475000    -0.0322852237968000    
140    -0.0306958680482800    -0.0310120293974000    
150    -0.0295723919267300    -0.0298484682547000    
160    -0.0284547569910500    -0.0287815062031000    
170    -0.0276389970600400    -0.0277999228225000    
180    -0.0266582948586600    -0.0268940691251000    
190    -0.0258436931423100    -0.0260556477292000    
200    -0.0250848867871100    -0.0252774993179000    
210    -0.0243775788489100    -0.0245534136965000    
220    -0.0236461642129000    -0.0238780204656000    
230    -0.0230259586017700    -0.0232466484337000    
240    -0.0224445267699600    -0.0226551704635000    
250    -0.0218988103691400    -0.0220999328538000    
260    -0.0213058632857200    -0.0213135846708000    
270    -0.0208003372711700    -0.0208048084216000    
280    -0.0203164339442100    -0.0203235471539000    
290    -0.0198610797606600    -0.0198675817175000    
300    -0.0194279282878125    -0.0194349283762000    
310    -0.0190188300009000    -0.0190238083673000    
320    -0.0186330929853625    -0.0186326224034000    
330    -0.0182552044123125    -0.0182599284826000    
340    -0.0178999701360375    -0.0179044223930000    
350    -0.0175609585611750    -0.0175649214565000    
360    -0.0172361580081875    -0.0172403514719000    
370    -0.0169260431522375    -0.0169297349590000    
380    -0.0166291738362000    -0.0166321797613000    
390    -0.0163434936090250    -0.0163468687906000    
400    -0.0160697839873375    -0.0160730517287000    
410    -0.0158066682965250    -0.0158100390519000    
420    -0.0155553797712625    -0.0155571979538000    
430    -0.0153121905575500    -0.0153139475318000    
440    -0.0150768793817625    -0.0150797523042000    
450    -0.0148513385959375    -0.0148541160069000    
460    -0.0146339163053375    -0.0146365767129000    
470    -0.0144242611938750    -0.0144267034015000    
480    -0.0142224310792375    -0.0142240937851000    
490    -0.0140269160562000    -0.0140283731474000    
500    -0.0138371772843625    -0.0138391940307000    
