# Type:  our simulator   # Type:  CN simulator  
50    1.01040270206200    1.01204139196000    
60    1.01040684692800    1.01144035909000    
70    1.01011772643000    1.01083790681000    
80    1.00976052032300    1.01027246183000    
90    1.00931743651800    1.00975422377000    
100    1.00895722038000    1.00928323354000    
110    1.00858737871500    1.00885598742000    
120    1.00823771227700    1.00846799063000    
130    1.00791199743800    1.00811475232000    
140    1.00761988075800    1.00779215106000    
150    1.00734514913900    1.00749653998000    
160    1.00709579806200    1.00722474546000    
170    1.00686316429600    1.00697402550000    
180    1.00663436754000    1.00674201629000    
190    1.00643392599300    1.00652667901000    
200    1.00624509681700    1.00632625151000    
210    1.00606913426000    1.00613920639000    
220    1.00589935740800    1.00596421519000    
230    1.00574142931400    1.00580011830000    
240    1.00559270587100    1.00564589982000    
250    1.00544925128300    1.00550066636000    
260    1.00531800164800    1.00536362952000    
270    1.00519097077700    1.00523409104000    
280    1.00507198226900    1.00511143040000    
290    1.00495579613700    1.00499509436000    
300    1.00484889784300    1.00488458812000    
310    1.00474264267200    1.00477946780000    
320    1.00464789715800    1.00467933406000    
330    1.00455444321000    1.00458382665000    
340    1.00446214221800    1.00449261971000    
350    1.00437904308600    1.00440541775000    
360    1.00429615656100    1.00432195221000    
370    1.00421850542400    1.00424197837000    
380    1.00414341366200    1.00416527283000    
390    1.00407019077800    1.00409163116000    
400    1.00400143756900    1.00402086594000    
410    1.00393414624000    1.00395280501000    
420    1.00386907666000    1.00388728993000    
430    1.00380688874900    1.00382417464000    
440    1.00374615211000    1.00376332424000    
450    1.00368800415600    1.00370461397000    
460    1.00363170996700    1.00364792822000    
470    1.00357885421500    1.00359315974000    
480    1.00352597203300    1.00354020886000    
490    1.00347601565300    1.00348898285000    
500    1.00342596218200    1.00343939530000    
