# Type:  log(experiment)   # Type:  log(CN simulator)   # Type:  log(our simulator)
0 1.50845566620000 1.70747601538839 1.52539982137542
1 1.50409326620000 1.68478609605442 1.51697840615052
2 1.49322591620000 1.66209918752965 1.50794135215097
3 1.47965348120000 1.63941561580281 1.49042498027487
4 1.46255361120000 1.61673399656041 1.47970012623007
5 1.44789810620000 1.59405276539510 1.46043896675992
6 1.43271346120000 1.57137147625604 1.44531746825452
7 1.41467441120000 1.54868674293808 1.43700421203902
8 1.39864693120000 1.52599668806727 1.41932454866597
9 1.38134679620000 1.50329998368749 1.40604117251312
10 1.36318142620000 1.48059338438759 1.38778720211842
11 1.34667275120000 1.45788187038011 1.37604489814062
12 1.32536877620000 1.43515997912005 1.36006867620877
13 1.31584985620000 1.41242761170867 1.34635457979312
14 1.29359368620000 1.38968221469388 1.32949148896182
15 1.27923678120000 1.36692429084466 1.31301792836927
16 1.26352423620000 1.34414970459874 1.29871229434887
17 1.23996031120000 1.32135894771778 1.28301797040202
18 1.22184302620000 1.29854919929019 1.26898636046462
19 1.20444831120000 1.27572143712135 1.25004477404272
20 1.18617567120000 1.25287355382548 1.23758978981077
21 1.16305624120000 1.23000340674316 1.22036932440247
22 1.15631128620000 1.20710745714917 1.19776117756772
23 1.13127446120000 1.18418685588313 1.18345092280797
24 1.11718256620000 1.16123908375583 1.16130162707642
25 1.09416347120000 1.13826043803837 1.14371306951217
26 1.07522285620000 1.11524970492630 1.12374740508902
27 1.05623400120000 1.09220658236183 1.09873772156782
28 1.03875138620000 1.06912803531023 1.08184113755597
29 1.01835410120000 1.04601176357292 1.05799068296332
30 1.00328481620000 1.02286070910082 1.03807235924812
31 0.979726866200000 0.999682031424560 1.01689667018997
32 0.964665531200000 0.976569777974625 0.994045171553220
33 0.948163036200000 0.953519720911475 0.972567561210770
34 0.928346696200000 0.930527634652180 0.947785589246670
35 0.909227846200000 0.907589293627945 0.927186551272870
36 0.896138991200000 0.884700469996330 0.907635498273320
37 0.873436116200000 0.861856931306835 0.881865559262970
38 0.857577781200000 0.839054438119015 0.858597705208420
39 0.841550876200000 0.816288741572490 0.835136796927770
40 0.819720721200000 0.793555580908860 0.811183755812620
41 0.797360586200000 0.770850680946300 0.786770463800970
42 0.775031321200000 0.748169749508175 0.767999451524270
43 0.768180456200000 0.725508474808365 0.746841520538670
44 0.743107206200000 0.702862522797160 0.720790393072520
45 0.716608436200000 0.680227534473290 0.699111567301220
46 0.699145586200000 0.657728600229250 0.675763311982720
47 0.679257336200000 0.635494613263900 0.653357688813620
48 0.656303261200000 0.613294658641270 0.636031944215670
49 0.632819561200000 0.590952331592830 0.609053983761420
50 0.614288321200000 0.568864827985200 0.589342232777970
51 0.591982591200000 0.546731739931120 0.566124578302770
52 0.569511506200000 0.524571759769135 0.543382874288770
53 0.548426856200000 0.502263632012915 0.521247679949820
54 0.530026001200000 0.480000265060556 0.500693599728820
55 0.505866706200000 0.457734112500808 0.473305894635620
56 0.482488376199999 0.435459948534304 0.454970345250320
57 0.457158496199999 0.413228320213812 0.430498070687920
58 0.430767826199999 0.390848477489587 0.412275532554520
59 0.410715416200000 0.368589481493521 0.385635454280869
60 0.388010731200000 0.346080855350120 0.362813506537870
61 0.366329586199999 0.323571584568119 0.339828595871569
62 0.348649966199999 0.301084883918745 0.319283455202020
63 0.320123911200000 0.278518461259165 0.295757292131970
64 0.300732661199999 0.255860126641870 0.271150649355619
65 0.271330166200000 0.233175417051244 0.250219484800120
66 0.256020891199999 0.210287477178227 0.223677285557870
67 0.230126791199999 0.187283450689536 0.207732675653520
68 0.206485206199999 0.164194425280831 0.181536684684170
69 0.181808931199999 0.140904025693438 0.157480411197120
70 0.159026291199999 0.117902543938778 0.129860214301669
71 0.137313911199999 0.0945683947766255 0.114430834353720
72 0.107077091199999 0.0712179344373645 0.0899129303293700
73 0.0829342511999995 0.0477037908208908 0.0712245582928695
74 0.0602173361999990 0.0242067837407651 0.0430188939490197
75 0.0324963311999990 0.000449116089845880 0.0140067993833197
76 0.00938015119999935 -0.0232957082590905 -0.0116892124791299
77 -0.0169631838000006 -0.0472259579377488 -0.0322557259919298
78 -0.0415874438000010 -0.0711165308403465 -0.0544288437405305
79 -0.0623010688000010 -0.0951515606305310 -0.0769331402276300
80 -0.0885067888000010 -0.119335271114020 -0.100620611347930
81 -0.115565823800001 -0.143753568896082 -0.127565745135431
82 -0.135752793800001 -0.168128618813436 -0.150833440070379
83 -0.163334773800001 -0.192679471755277 -0.175325725061880
84 -0.185860588800001 -0.217479659291556 -0.200776623727580
85 -0.212069318800001 -0.242383548685688 -0.226925714800280
86 -0.234687393800001 -0.267337648942015 -0.255441515069280
87 -0.258396163800001 -0.292506240734027 -0.275390725471280
88 -0.284407868800001 -0.317848268928625 -0.302524441207281
89 -0.308441523800001 -0.343051504753245 -0.325788427467880
90 -0.331497828800001 -0.367859951474359 -0.352029193520430
91 -0.351671383800001 -0.387053175571581 -0.366787392856530
92 -0.370348873800000 -0.406433645814281 -0.394458436318480
93 -0.389737238800000 -0.426005454646205 -0.409860500147280
94 -0.412223398800001 -0.445772826801873 -0.426332890469730
95 -0.426520818800000 -0.465740124269288 -0.453966946966829
96 -0.449765078800000 -0.485911851373324 -0.466981283295780
97 -0.472680438800000 -0.506292659962100 -0.491376589800730
98 -0.485803288800001 -0.526887354672675 -0.507825955266480
99 -0.508022358800000 -0.547700898245085 -0.534783709671080
100 -0.528276058800000 -0.568738416844665 -0.550326814126030
101 -0.548577073800000 -0.590005205341315 -0.571723484710530
102 -0.570886143800000 -0.611506732480545 -0.598211407752480
103 -0.589724563800000 -0.633248645863915 -0.618692825103630
104 -0.612032088800000 -0.655236776635225 -0.637707506606830
105 -0.633686138800000 -0.669708520169030 -0.656010657783930
106 -0.658686728800000 -0.676310617691675 -0.662612755306580
107 -0.678156853800000 -0.696502664094085 -0.682804801708980
108 -0.697771788800000 -0.727244964264840 -0.713547101879730
109 -0.725629103800000 -0.734297884865040 -0.720600022479930
110 -0.746482933800000 -0.759120455259705 -0.745422592874630
111 -0.768970543800000 -0.782867069788015 -0.769169207402930
112 -0.789928678800000 -0.813915905604165 -0.800218043219080
113 -0.815857033800000 -0.833538385128475 -0.819840522743380
114 -0.839104453800000 -0.855968888524295 -0.842271026139180
115 -0.865159598800000 -0.878715725489395 -0.865017863104280
116 -0.888543533800000 -0.898437750695280 -0.884739888310180
117 -0.916336978800000 -0.929562243239765 -0.915864380854680
118 -0.940302603800000 -0.944691282274255 -0.930993419889180
119 -0.963714878800000 -0.981928087110650 -0.968230224725580
120 -0.993070048800000 -1.00447539156991 -0.990777529184830
121 -1.02005119380000 -1.02563045439436 -1.01193259200928
122 -1.04978418380000 -1.05290047565597 -1.03920261327088
123 -1.07727546880000 -1.08098161577856 -1.06728375339348
124 -1.10352626380000 -1.10522244879569 -1.09152458641058
125 -1.12745818880000 -1.14010097532970 -1.12640311294463
126 -1.15728939380000 -1.16995411214337 -1.15625624975828
127 -1.18822128380000 -1.19805807383268 -1.18436021144758
128 -1.21629165880000 -1.23322954996274 -1.21953168757763
129 -1.24690494880000 -1.23918487958623 -1.22548701720113
130 -1.27436899880000 -1.28214640579039 -1.26844854340528
131 -1.30331773880000 -1.30645922557903 -1.29276136319393
132 -1.33438371880000 -1.33963068255107 -1.32593282016598
133 -1.36719359380000 -1.36211663398665 -1.34841877160158
134 -1.39585715380000 -1.40125327531436 -1.38755541292928
135 -1.42949901880000 -1.42424034484631 -1.41054248246123
136 -1.45766815380000 -1.45911068897852 -1.44541282659343
137 -1.49765831880000 -1.48066033209361 -1.46696246970853
138 -1.52573830880000 -1.51321831825130 -1.49952045586623
139 -1.55929607880000 -1.54617418963985 -1.53247632725478
140 -1.59006289380000 -1.58443313803768 -1.57073527565258
141 -1.62123870880000 -1.60625656393733 -1.59255870155223
142 -1.64349039880000 -1.64117979532392 -1.62748193293883
143 -1.68002490880000 -1.68069072393205 -1.66699286154698
144 -1.70917088880000 -1.71171302293951 -1.69801516055443
145 -1.73680256880000 -1.73962956406525 -1.72593170168013
146 -1.75993130880000 -1.77745315646260 -1.76375529407753
147 -1.78571435880000 -1.81302793241006 -1.79933007002498
148 -1.78662064380000 -1.83004241840588 -1.81634455602078
149 -1.78073256380000 -1.83155830801996 -1.81786044563488

