# Type: log(sim pressed-bkz_60) # used together with data for fig.5.26
0    2.515241823050036    
1    2.46635957094038    
2    2.417542739207757    
3    2.364681931424201    
4    2.317499956294946    
5    2.270894836953502    
6    2.225358685019978    
7    2.184704015837105    
8    2.14136307700646    
9    2.101997460676519    
10    2.056001063413189    
11    2.011820643448891    
12    1.969425711683217    
13    1.930527188882089    
14    1.889203546264583    
15    1.836385725935993    
16    1.801650876533869    
17    1.755068788603517    
18    1.711954512117499    
19    1.666329346172904    
20    1.628057896024061    
21    1.584453095652365    
22    1.548202776726504    
23    1.499923816083350    
24    1.459907198702983    
25    1.421785628887848    
26    1.373501469848340    
27    1.33748295377969    
28    1.289115125028030    
29    1.253987869810479    
30    1.209286728553598    
31    1.166221941203440    
32    1.123826463861794    
33    1.082424066291956    
34    1.042017867321085    
35    1.000248672521142    
36    0.962664750862319    
37    0.914106843406303    
38    0.879449369924073    
39    0.826803688004703    
40    0.783587369738103    
41    0.748329859190442    
42    0.697313059801723    
43    0.655642823390645    
44    0.612797838401428    
45    0.567039251030710    
46    0.534514889913613    
47    0.492358946201561    
48    0.4488694485426397    
49    0.4209576389124752    
50    0.3701775051225862    
51    0.343922553549058    
52    0.3005259696987083    
53    0.261038447455411    
54    0.2174524812446023    
55    0.1746548204550035    
56    0.140196085645998    
57    0.0921101053945370    
58    0.0549631965888279    
59    0.0172874177513736    
60    -0.02410451322982881    
61    -0.0543690789315508    
62    -0.0831512767690422    
63    -0.1102742566768892    
64    -0.149330555715664    
65    -0.179489108740599    
66    -0.2120349445203375    
67    -0.2480522780265572    
68    -0.276992735186518    
69    -0.3125508395362929    
70    -0.354987274478107    
71    -0.394556997602797    
72    -0.420866195247438    
73    -0.464157209096189    
74    -0.492659767554415    
75    -0.469784954005875    
76    -0.482989149051165    
77    -0.523373241855985    
78    -0.584857842197491    
79    -0.598963683397890    
80    -0.648608824187221    
81    -0.696102053243843    
82    -0.758199724876143    
83    -0.797444683924761    
84    -0.842305690716401    
85    -0.887799364646599    
86    -0.927243415058376    
87    -0.989492400147342    
88    -1.019750478216322    
89    -1.094224087889111    
90    -1.139318696807629    
91    -1.18162882245653    
92    -1.236168864979765    
93    -1.292331145224934    
94    -1.340812811259192    
95    -1.410569864327221    
96    -1.470276137954557    
97    -1.52648406133317    
98    -1.596827013593276    
99    -1.608737672840269    
100    -1.694660725248576    
101    -1.74328636482587    
102    -1.809629278769945    
103    -1.85460118164111    
104    -1.93287446429652    
105    -1.978848603360421    
106    -2.04858929162484    
107    -2.09168857785503    
108    -2.156804550170409    
109    -2.222716292947513    
110    -2.29923418974317    
111    -2.34288104154247    
112    -2.412727504315646    
113    -2.491749361531917    
114    -2.553793959546818    
115    -2.609627041798304    
116    -2.685274226593017    
117    -2.75642377848792    
118    -2.79045275047957    
119    -2.793484529707734    
