# Type:  log(bi)   # Type:  Upper  (Minkowski)   # Type:  GH   # Type:  Expected lambda1  
0.000000000000000    1.62026502430000    1.89330922832523    1.20016204776529    1.27517700648346
1.00000000000000    1.61511196930000    1.87504139207523    1.18189421151529    1.25690917023346
2.00000000000000    1.59016980430000    1.84937015707523    1.15622297651529    1.23123793523346
3.00000000000000    1.57141398430000    1.82326101957523    1.13011383901529    1.20512879773346
4.00000000000000    1.54719367930000    1.79349894457523    1.10035176401529    1.17536672273346
5.00000000000000    1.51242702930000    1.76215206457523    1.06900488401529    1.14401984273346
6.00000000000000    1.48573325430000    1.73223619832523    1.03908901776529    1.11410397648346
7.00000000000000    1.45236568430000    1.69962360957523    1.00647642901529    1.08149138773346
8.00000000000000    1.42180615930000    1.66729679457523   0.974149614015287    1.04916457273346
9.00000000000000    1.39276356430000    1.63414261207523   0.940995431515287    1.01601039023346
10.0000000000000    1.35528289930000    1.60136101957523   0.908213839015287   0.983228797733460
11.0000000000000    1.32305842430000    1.56712926957523   0.873982089015287   0.948997047733460
12.0000000000000    1.28918942930000    1.53336928082523   0.840222100265287   0.915237058983460
13.0000000000000    1.26163719430000    1.49801673707523   0.804869556515287   0.879884515233460
14.0000000000000    1.21835589930000    1.46232784707523   0.769180666515287   0.844195625233460
15.0000000000000    1.18801846930000    1.42840972332523   0.735262542765287   0.810277501483460
16.0000000000000    1.14777925430000    1.39343307082523   0.700285890265287   0.775300848983460
17.0000000000000    1.11888163430000    1.36179000832523   0.668642827765287   0.743657786483460
18.0000000000000    1.08268340430000    1.32890295582523   0.635755775265287   0.710770733983460
19.0000000000000    1.04811185930000    1.29531978707523   0.602172606515287   0.677187565233460
20.0000000000000    1.02120700430000    1.26137820707523   0.568231026515286   0.643245985233460
21.0000000000000   0.987333424300000    1.22734626582523   0.534199085265287   0.609214043983460
22.0000000000000   0.948350729300000    1.19188678707523   0.498739606515287   0.573754565233460
23.0000000000000   0.912345539300000    1.15681844082523   0.463671260265287   0.538686218983460
24.0000000000000   0.885079239300000    1.12279621082523   0.429649030265287   0.504663988983460
25.0000000000000   0.845495509300000    1.08528617957523   0.392138999015287   0.467153957733460
26.0000000000000   0.808077344300000    1.05000983707523   0.356862656515287   0.431877615233460
27.0000000000000   0.776256619300000    1.01405432332523   0.320907142765287   0.395922101483460
28.0000000000000   0.735039114300001   0.977528523325232   0.284381342765287   0.359396301483460
29.0000000000000   0.704390139300000   0.942770198325232   0.249623017765287   0.324637976483460
30.0000000000000   0.664255289300001   0.907513269575232   0.214366089015287   0.289381047733460
31.0000000000000   0.630153419300000   0.873502285825232   0.180355105265286   0.255370063983460
32.0000000000000   0.596005814300000   0.839310589575232   0.146163409015286   0.221178367733460
33.0000000000000   0.563362424300000   0.805676725825232   0.112529545265286   0.187544503983460
34.0000000000000   0.528211354300000   0.771366663325232  0.0782194827652865   0.153234441483460
35.0000000000000   0.493386634300000   0.737427693325232  0.0442805127652866   0.119295471483460
36.0000000000000   0.461470359300000   0.704802890825232  0.0116557102652867  0.0866706689834598
37.0000000000000   0.426122174300000   0.669985543325232 -0.0231616372347133  0.0518533214834598
38.0000000000000   0.392455474300001   0.635956253325232 -0.0571909272347133  0.0178240314834598
39.0000000000000   0.362887424300000   0.601468595825232 -0.0916785847347134 -0.0166636260165403
40.0000000000000   0.322200969300000   0.566755723325232  -0.126391457234713 -0.0513764985165403
41.0000000000000   0.290005014300000   0.534758828325232  -0.158388352234713 -0.0833733935165403
42.0000000000000   0.254504844300000   0.501145110825232  -0.192002069734713  -0.116987111016540
43.0000000000000   0.224035934300000   0.470558590825232  -0.222588589734713  -0.147573631016540
44.0000000000000   0.194213389300000   0.435570707075232  -0.257576473484713  -0.182561514766540
45.0000000000000   0.155550144300000   0.402053398325232  -0.291093782234713  -0.216078823516540
46.0000000000000   0.132158764300000   0.368843884575232  -0.324303295984713  -0.249288337266540
47.0000000000000  0.0840843993000003   0.331796210825232  -0.361350969734713  -0.286336011016540
48.0000000000000  0.0601441543000003   0.298340100825232  -0.394807079734713  -0.319792121016540
49.0000000000000  0.0227120893000004   0.262388265825232  -0.430758914734713  -0.355743956016540
50.0000000000000 -0.0160319306999996   0.227939109575232  -0.465208070984713  -0.390193112266540
51.0000000000000 -0.0497400406999996   0.193204305825232  -0.499942874734713  -0.424927916016540
52.0000000000000 -0.0836631856999997   0.158530457075232  -0.534616723484713  -0.459601764766540
53.0000000000000  -0.115084535700000   0.124375872075232  -0.568771308484713  -0.493756349766540
54.0000000000000  -0.154971145700000  0.0889889208252319  -0.604158259734713  -0.529143301016540
55.0000000000000  -0.188435435700000  0.0545000258252319  -0.638647154734713  -0.563632196016540
56.0000000000000  -0.220281525700000  0.0194885058252320  -0.673658674734713  -0.598643716016540
57.0000000000000  -0.256632340700000 -0.0177120491747680  -0.710859229734713  -0.635844271016540
58.0000000000000  -0.292926725699999 -0.0534399529247679  -0.746587133484713  -0.671572174766540
59.0000000000000  -0.328481515700000 -0.0870593929247679  -0.780206573484713  -0.705191614766540
60.0000000000000  -0.369083745700000  -0.121944886674768  -0.815092067234713  -0.740077108516540
61.0000000000000  -0.399543955699999  -0.153879295424768  -0.847026475984713  -0.772011517266540
62.0000000000000  -0.427404485700000  -0.187960720424768  -0.881107900984713  -0.806092942266540
63.0000000000000  -0.468023490700000  -0.223153634174768  -0.916300814734713  -0.841285856016540
64.0000000000000  -0.496821380700000  -0.258037002924768  -0.951184183484713  -0.876169224766540
65.0000000000000  -0.535869655700000  -0.294104662924768  -0.987251843484714  -0.912236884766540
66.0000000000000  -0.568176140700000  -0.327856226674768   -1.02100340723471  -0.945988448516540
67.0000000000000  -0.607556965700000  -0.362242932924768   -1.05539011348471  -0.980375154766540
68.0000000000000  -0.641092020700000  -0.396273459174768   -1.08942063973471   -1.01440568101654
69.0000000000000  -0.670875910700000  -0.430807191674768   -1.12395437223471   -1.04893941351654
70.0000000000000  -0.705722965700000  -0.466042067924768   -1.15918924848471   -1.08417428976654
71.0000000000000  -0.743679070700000  -0.500488250424768   -1.19363543098471   -1.11862047226654
72.0000000000000  -0.779226950700000  -0.534062274174768   -1.22720945473471   -1.15219449601654
73.0000000000000  -0.811815415699999  -0.568306490424768   -1.26145367098471   -1.18643871226654
74.0000000000000  -0.843507695699999  -0.601680671674768   -1.29482785223471   -1.21981289351654
75.0000000000000  -0.877975165699999  -0.635800487924768   -1.32894766848471   -1.25393270976654
76.0000000000000  -0.916203815700000  -0.670456009174768   -1.36360318973471   -1.28858823101654
77.0000000000000  -0.945312140700000  -0.702708139174769   -1.39585531973471   -1.32084036101654
78.0000000000000  -0.979986960700000  -0.736861539174768   -1.43000871973471   -1.35499376101654
79.0000000000000   -1.01659725070000  -0.771789832924768   -1.46493701348471   -1.38992205476654
80.0000000000000   -1.04521233570000  -0.805822307924768   -1.49896948848471   -1.42395452976654
81.0000000000000   -1.08192574070000  -0.840341089174768   -1.53348826973471   -1.45847331101654
82.0000000000000   -1.11970013570000  -0.874718355424768   -1.56786553598471   -1.49285057726654
83.0000000000000   -1.15272715070000  -0.907794662924768   -1.60094184348471   -1.52592688476654
84.0000000000000   -1.18328746070000  -0.940673115424768   -1.63382029598471   -1.55880533726654
85.0000000000000   -1.21943480570000  -0.975486634174768   -1.66863381473471   -1.59361885601654
86.0000000000000   -1.25200536570000   -1.01001149417477   -1.70315867473471   -1.62814371601654
87.0000000000000   -1.28424096070000   -1.04275096167477   -1.73589814223471   -1.66088318351654
88.0000000000000   -1.32254153570000   -1.07521677917477   -1.76836395973471   -1.69334900101654
89.0000000000000   -1.35753424570000   -1.10791111042477   -1.80105829098471   -1.72604333226654
90.0000000000000   -1.38296323570000   -1.13852625667477   -1.83167343723471   -1.75665847851654
91.0000000000000   -1.41410423070000   -1.17133174792477   -1.86447892848471   -1.78946396976654
92.0000000000000   -1.45331886070000   -1.20331667542477   -1.89646385598471   -1.82144889726654
93.0000000000000   -1.47999483070000   -1.23315235542477   -1.92629953598471   -1.85128457726654
94.0000000000000   -1.51418520070000   -1.26304868167477   -1.95619586223471   -1.88118090351654
95.0000000000000   -1.54204394070000   -1.28911507292477   -1.98226225348471   -1.90724729476654
96.0000000000000   -1.57266158070000   -1.30788090542477   -2.00102808598471   -1.92601312726654
97.0000000000000   -1.59958013570000   -1.39603619624045   -2.08918337680039   -1.97132595835409
98.0000000000000   -1.61845076570000   -1.49699678056475   -2.19014396112470   -1.96435260847997
