# Type:  log(bi)   # Type:  Upper  (Minkowski)   # Type:  GH   # Type:  Expected lambda1  
0.000000000000000     1.30077052755000     1.92488073691932     1.23173355635938     1.24209815485080
1.00000000000000     1.29191908755000     1.90137703254432     1.20822985198438     1.21859445047580
2.00000000000000     1.27780167255000     1.87641848785682     1.18327130729688     1.19363590578830
3.00000000000000     1.26129534255000     1.85053422348182     1.15738704292188     1.16775164141330
4.00000000000000     1.23163205755000     1.82405791504432     1.13091073448438     1.14127533297580
5.00000000000000     1.21115497255000     1.79769558598182     1.10454840542188     1.11491300391330
6.00000000000000     1.18729867255000     1.77107449598182     1.07792731542188     1.08829191391330
7.00000000000000     1.16540838755000     1.74435745785682     1.05121027729688     1.06157487578830
8.00000000000000     1.13541429255000     1.71757126535682     1.02442408479688     1.03478868328830
9.00000000000000     1.11164707255000     1.69054217035682    0.997394989796878     1.00775958828830
10.0000000000000     1.08515491255000     1.66329447129432    0.970147290734378    0.980511889225796
11.0000000000000     1.05572288255000     1.63620483098182    0.943057650421878    0.953422248913297
12.0000000000000     1.03008536255000     1.60896604504432    0.915818864484378    0.926183462975797
13.0000000000000     1.00158468255000     1.58158069598182    0.888433515421878    0.898798113913297
14.0000000000000    0.966901807550000     1.55414317504432    0.860995994484378    0.871360592975796
15.0000000000000    0.947181352550000     1.52745298785682    0.834305807296878    0.844670405788296
16.0000000000000    0.924711257550000     1.50001913941932    0.806871958859378    0.817236557350796
17.0000000000000    0.892582372550000     1.47270044816932    0.779553267609378    0.789917866100796
18.0000000000000    0.863653442550000     1.44546567254432    0.752318491984378    0.762683090475796
19.0000000000000    0.837674407550000     1.41830686316932    0.725159682609378    0.735524281100796
20.0000000000000    0.809834792549999     1.39130813973182    0.698160959171878    0.708525557663296
21.0000000000000    0.785217532550000     1.36446517629432    0.671317995734378    0.681682594225796
22.0000000000000    0.759826062549999     1.33690679160682    0.643759611046878    0.654124209538296
23.0000000000000    0.736829307550000     1.30930460816932    0.616157427609378    0.626522026100797
24.0000000000000    0.702948772550000     1.28168387191932    0.588536691359378    0.598901289850796
25.0000000000000    0.675683887550000     1.25434290848182    0.561195727921878    0.571560326413296
26.0000000000000    0.651720667550000     1.22696677160682    0.533819591046878    0.544184189538297
27.0000000000000    0.619902307550000     1.19931127066932    0.506164090109378    0.516528688600796
28.0000000000000    0.591919777550000     1.17159246441932    0.478445283859378    0.488809882350797
29.0000000000000    0.562584347550000     1.14410772066932    0.450960540109378    0.461325138600797
30.0000000000000    0.539858812550000     1.11689130254432    0.423744121984378    0.434108720475797
31.0000000000000    0.508239777550000     1.08959281879432    0.396445638234378    0.406810236725797
32.0000000000000    0.487612197550000     1.06222650223182    0.369079321671878    0.379443920163297
33.0000000000000    0.456825962550000     1.03468776535682    0.341540584796878    0.351905183288297
34.0000000000000    0.429112492550000     1.00747317723182    0.314325996671878    0.324690595163297
35.0000000000000    0.405694832550000    0.979907679731823    0.286760499171878    0.297125097663297
36.0000000000000    0.380347377550000    0.952341199731823    0.259194019171878    0.269558617663297
37.0000000000000    0.344283377550000    0.924708935981823    0.231561755421878    0.241926353913297
38.0000000000000    0.318191127550000    0.897151431606823    0.204004251046878    0.214368849538297
39.0000000000000    0.294897527550000    0.869657011606823    0.176509831046878    0.186874429538297
40.0000000000000    0.265493357550000    0.841969770356823    0.148822589796878    0.159187188288297
41.0000000000000    0.237665697550000    0.814152548794323    0.121005368234378    0.131369966725797
42.0000000000000    0.209232652550000    0.786216588481823   0.0930694079218778    0.103434006413297
43.0000000000000    0.176401407550000    0.758584208481823   0.0654370279218778   0.0758016264132965
44.0000000000000    0.152163877550000    0.731442448794323   0.0382952682343778   0.0486598667257965
45.0000000000000    0.127121657550000    0.704042856919323   0.0108956763593778   0.0212602748507965
46.0000000000000    0.103083072550000    0.676531363794323  -0.0166158167656222 -0.00625121827420348
47.0000000000000   0.0703787125499997    0.648892655981823  -0.0442545245781222  -0.0338899260867034
48.0000000000000   0.0469924075499997    0.621424340981823  -0.0717228395781222  -0.0613582410867035
49.0000000000000   0.0213925525499997    0.593876436606823  -0.0992707439531222  -0.0889061454617034
50.0000000000000  -0.0119354674500003    0.566063468169323   -0.127083712390622   -0.116719113899203
51.0000000000000  -0.0353688474500002    0.538697463794323   -0.154449716765622   -0.144085118274203
52.0000000000000  -0.0617688424500003    0.510816406606823   -0.182330773953122   -0.171966175461703
53.0000000000000  -0.0966366924500003    0.482624982856823   -0.210522197703122   -0.200157599211703
54.0000000000000   -0.121719592450000    0.455374440981823   -0.237772739578122   -0.227408141086703
55.0000000000000   -0.148098332450000    0.427673304419323   -0.265473876140622   -0.255109277649203
56.0000000000000   -0.179582187450000    0.400112045669323   -0.293035134890622   -0.282670536399204
57.0000000000000   -0.209309667450000    0.373072717544323   -0.320074463015622   -0.309709864524204
58.0000000000000   -0.232885427450000    0.346032096606823   -0.347115083953122   -0.336750485461704
59.0000000000000   -0.257866747450000    0.319031051294323   -0.374116129265622   -0.363751530774203
60.0000000000000   -0.286229592450000    0.291608278481823   -0.401538902078122   -0.391174303586704
61.0000000000000   -0.313062232450000    0.264191476294323   -0.428955704265622   -0.418591105774203
62.0000000000000   -0.339136252450000    0.236897326606823   -0.456249853953122   -0.445885255461704
63.0000000000000   -0.369114327450000    0.209613433481823   -0.483533747078122   -0.473169148586704
64.0000000000000   -0.393774062450000    0.182403344731823   -0.510743835828122   -0.500379237336704
65.0000000000000   -0.423614942450000    0.155099870669323   -0.538047309890622   -0.527682711399204
66.0000000000000   -0.449791537450000    0.127909477544323   -0.565237703015622   -0.554873104524204
67.0000000000000   -0.481465762450001    0.100428060981823   -0.592719119578122   -0.582354521086704
68.0000000000000   -0.512831622450000   0.0731649353568229   -0.619982245203122   -0.609617646711704
69.0000000000000   -0.532645362450000   0.0465070600443228   -0.646640120515622   -0.636275522024204
70.0000000000000   -0.564937777450001   0.0195252256693230   -0.673621954890622   -0.663257356399204
71.0000000000000   -0.589078472450000 -0.00735892339317690   -0.700506103953122   -0.690141505461703
72.0000000000000   -0.612211437450000  -0.0342976046431770   -0.727444785203122   -0.717080186711704
73.0000000000000   -0.641959602450000  -0.0622262146431770   -0.755373395203122   -0.745008796711704
74.0000000000000   -0.664902152450000  -0.0899032971431770   -0.783050477703122   -0.772685879211704
75.0000000000000   -0.696631112450001   -0.117937760580677   -0.811084941140622   -0.800720342649204
76.0000000000000   -0.724898427450001   -0.145959817455677   -0.839106998015622   -0.828742399524204
77.0000000000000   -0.749768627450000   -0.174283811830677   -0.867430992390622   -0.857066393899203
78.0000000000000   -0.775678542450000   -0.202884132143177   -0.896031312703122   -0.885666714211704
79.0000000000000   -0.804475747450000   -0.231451947768177   -0.924599128328122   -0.914234529836704
80.0000000000000   -0.830629647450000   -0.259542902455677   -0.952690083015622   -0.942325484524203
81.0000000000000   -0.858661232450000   -0.287839743705677   -0.980986924265622   -0.970622325774203
82.0000000000000   -0.889494202450000   -0.316462501830677    -1.00960968239062   -0.999245083899204
83.0000000000000   -0.917675772450000   -0.344231254643177    -1.03737843520312    -1.02701383671170
84.0000000000000   -0.939357627450000   -0.371005746518177    -1.06415292707812    -1.05378832858670
85.0000000000000   -0.964354712450000   -0.411523479994688    -1.10467066055463    -1.09340011968147
86.0000000000000   -0.995084162450001   -0.453813258667225    -1.14696043922717    -1.13462269969533
87.0000000000000    -1.02009737245000   -0.497683140064083    -1.19083032062403    -1.17721927320898
88.0000000000000    -1.05906919745000   -0.543806559230580    -1.23695373979053    -1.22180081334897
89.0000000000000    -1.08479292245000   -0.591280082100469    -1.28442726266041    -1.26737454460909
90.0000000000000    -1.11345356745000   -0.641514053536551    -1.33466123409650    -1.31521895730034
91.0000000000000    -1.14498402245000   -0.694682997857120    -1.38783017841707    -1.36530660198104
92.0000000000000    -1.17808233745000   -0.750963166646262    -1.44411034720621    -1.41749013376225
93.0000000000000    -1.20737375245000   -0.810674641837264    -1.50382182239721    -1.47154167406241
94.0000000000000    -1.23276359245000   -0.875018013276746    -1.56816519383669    -1.52766669789318
95.0000000000000    -1.25393102245000   -0.945782518345340    -1.63892969890529    -1.58567435279661
96.0000000000000    -1.28337910745000    -1.02589755717477    -1.71904473773471    -1.64402977901654
97.0000000000000    -1.31662536245000    -1.11648588965712    -1.80963307021706    -1.69177565177075
98.0000000000000    -1.33379424745000    -1.21914870731475    -1.91229588787470    -1.68650453522997
