# Type:  log(experiment)   # Type:  log(CN simulator)   # Type:  log(our simulator)
0 3.01691133240000 3.41495203077679 3.05079964275084
1 3.00818653240000 3.36957219210885 3.03395681230104
2 2.98645183240000 3.32419837505931 3.01588270430194
3 2.95930696240000 3.27883123160561 2.98084996054974
4 2.92510722240000 3.23346799312082 2.95940025246014
5 2.89579621240000 3.18810553079020 2.92087793351984
6 2.86542692240000 3.14274295251208 2.89063493650904
7 2.82934882240000 3.09737348587615 2.87400842407804
8 2.79729386240000 3.05199337613453 2.83864909733194
9 2.76269359240000 3.00659996737498 2.81208234502624
10 2.72636285240000 2.96118676877518 2.77557440423684
11 2.69334550240000 2.91576374076022 2.75208979628124
12 2.65073755240000 2.87031995824010 2.72013735241754
13 2.63169971240000 2.82485522341735 2.69270915958624
14 2.58718737240000 2.77936442938776 2.65898297792364
15 2.55847356240000 2.73384858168932 2.62603585673854
16 2.52704847240000 2.68829940919749 2.59742458869774
17 2.47992062240000 2.64271789543557 2.56603594080404
18 2.44368605240000 2.59709839858038 2.53797272092924
19 2.40889662240000 2.55144287424270 2.50008954808544
20 2.37235134240000 2.50574710765097 2.47517957962154
21 2.32611248240000 2.46000681348632 2.44073864880494
22 2.31262257240000 2.41421491429835 2.39552235513544
23 2.26254892240000 2.36837371176626 2.36690184561594
24 2.23436513240000 2.32247816751165 2.32260325415284
25 2.18832694240000 2.27652087607674 2.28742613902434
26 2.15044571240000 2.23049940985260 2.24749481017804
27 2.11246800240000 2.18441316472366 2.19747544313564
28 2.07750277240000 2.13825607062046 2.16368227511194
29 2.03670820240000 2.09202352714584 2.11598136592664
30 2.00656963240000 2.04572141820163 2.07614471849624
31 1.95945373240000 1.99936406284912 2.03379334037994
32 1.92933106240000 1.95313955594925 1.98809034310644
33 1.89632607240000 1.90703944182295 1.94513512242154
34 1.85669339240000 1.86105526930436 1.89557117849334
35 1.81845569240000 1.81517858725589 1.85437310254574
36 1.79227798240000 1.76940093999266 1.81527099654664
37 1.74687223240000 1.72371386261367 1.76373111852594
38 1.71515556240000 1.67810887623803 1.71719541041684
39 1.68310175240000 1.63257748314498 1.67027359385554
40 1.63944144240000 1.58711116181772 1.62236751162524
41 1.59472117240000 1.54170136189260 1.57354092760194
42 1.55006264240000 1.49633949901635 1.53599890304854
43 1.53636091240000 1.45101694961673 1.49368304107734
44 1.48621441240000 1.40572504559432 1.44158078614504
45 1.43321687240000 1.36045506894658 1.39822313460244
46 1.39829117240000 1.31545720045850 1.35152662396544
47 1.35851467240000 1.27098922652780 1.30671537762724
48 1.31260652240000 1.22658931728254 1.27206388843134
49 1.26563912240000 1.18190466318566 1.21810796752284
50 1.22857664240000 1.13772965597040 1.17868446555594
51 1.18396518240000 1.09346347986224 1.13224915660554
52 1.13902301240000 1.04914351953827 1.08676574857754
53 1.09685371240000 1.00452726402583 1.04249535989964
54 1.06005200240000 0.960000530121112 1.00138719945764
55 1.01173341240000 0.915468225001616 0.946611789271239
56 0.964976752399998 0.870919897068609 0.909940690500640
57 0.914316992399998 0.826456640427624 0.860996141375839
58 0.861535652399999 0.781696954979173 0.824551065109040
59 0.821430832399999 0.737178962987043 0.771270908561739
60 0.776021462399999 0.692161710700239 0.725627013075741
61 0.732659172399998 0.647143169136237 0.679657191743139
62 0.697299932399998 0.602169767837490 0.638566910404039
63 0.640247822399999 0.557036922518330 0.591514584263940
64 0.601465322399999 0.511720253283739 0.542301298711239
65 0.542660332399999 0.466350834102487 0.500438969600239
66 0.512041782399999 0.420574954356455 0.447354571115740
67 0.460253582399998 0.374566901379071 0.415465351307040
68 0.412970412399998 0.328388850561661 0.363073369368340
69 0.363617862399998 0.281808051386877 0.314960822394239
70 0.318052582399998 0.235805087877557 0.259720428603339
71 0.274627822399999 0.189136789553251 0.228861668707440
72 0.214154182399998 0.142435868874729 0.179825860658740
73 0.165868502399999 0.0954075816417816 0.142449116585739
74 0.120434672399998 0.0484135674815303 0.0860377878980394
75 0.0649926623999981 0.000898232179691760 0.0280135987666394
76 0.0187603023999987 -0.0465914165181811 -0.0233784249582598
77 -0.0339263676000012 -0.0944519158754975 -0.0645114519838597
78 -0.0831748876000020 -0.142233061680693 -0.108857687481061
79 -0.124602137600002 -0.190303121261062 -0.153866280455260
80 -0.177013577600002 -0.238670542228041 -0.201241222695860
81 -0.231131647600002 -0.287507137792163 -0.255131490270861
82 -0.271505587600002 -0.336257237626873 -0.301666880140759
83 -0.326669547600002 -0.385358943510555 -0.350651450123760
84 -0.371721177600001 -0.434959318583113 -0.401553247455160
85 -0.424138637600002 -0.484767097371376 -0.453851429600560
86 -0.469374787600001 -0.534675297884030 -0.510883030138560
87 -0.516792327600001 -0.585012481468054 -0.550781450942560
88 -0.568815737600001 -0.635696537857251 -0.605048882414561
89 -0.616883047600002 -0.686103009506491 -0.651576854935760
90 -0.662995657600002 -0.735719902948718 -0.704058387040860
91 -0.703342767600001 -0.774106351143162 -0.733574785713060
92 -0.740697747600001 -0.812867291628562 -0.788916872636960
93 -0.779474477600001 -0.852010909292410 -0.819721000294560
94 -0.824446797600002 -0.891545653603746 -0.852665780939461
95 -0.853041637600001 -0.931480248538575 -0.907933893933659
96 -0.899530157600001 -0.971823702746649 -0.933962566591561
97 -0.945360877600001 -1.01258531992420 -0.982753179601460
98 -0.971606577600001 -1.05377470934535 -1.01565191053296
99 -1.01604471760000 -1.09540179649017 -1.06956741934216
100 -1.05655211760000 -1.13747683368933 -1.10065362825206
101 -1.09715414760000 -1.18001041068263 -1.14344696942106
102 -1.14177228760000 -1.22301346496109 -1.19642281550496
103 -1.17944912760000 -1.26649729172783 -1.23738565020726
104 -1.22406417760000 -1.31047355327045 -1.27541501321366
105 -1.26737227760000 -1.33941704033806 -1.31202131556786
106 -1.31737345760000 -1.35262123538335 -1.32522551061316
107 -1.35631370760000 -1.39300532818817 -1.36560960341796
108 -1.39554357760000 -1.45448992852968 -1.42709420375946
109 -1.45125820760000 -1.46859576973008 -1.44120004495986
110 -1.49296586760000 -1.51824091051941 -1.49084518574926
111 -1.53794108760000 -1.56573413957603 -1.53833841480586
112 -1.57985735760000 -1.62783181120833 -1.60043608643816
113 -1.63171406760000 -1.66707677025695 -1.63968104548676
114 -1.67820890760000 -1.71193777704859 -1.68454205227836
115 -1.73031919760000 -1.75743145097879 -1.73003572620856
116 -1.77708706760000 -1.79687550139056 -1.76947977662036
117 -1.83267395760000 -1.85912448647953 -1.83172876170936
118 -1.88060520760000 -1.88938256454851 -1.86198683977836
119 -1.92742975760000 -1.96385617422130 -1.93646044945116
120 -1.98614009760000 -2.00895078313982 -1.98155505836966
121 -2.04010238760000 -2.05126090878872 -2.02386518401856
122 -2.09956836760000 -2.10580095131195 -2.07840522654176
123 -2.15455093760000 -2.16196323155712 -2.13456750678696
124 -2.20705252760000 -2.21044489759138 -2.18304917282116
125 -2.25491637760000 -2.28020195065941 -2.25280622588926
126 -2.31457878760000 -2.33990822428675 -2.31251249951656
127 -2.37644256760000 -2.39611614766536 -2.36872042289516
128 -2.43258331760000 -2.46645909992547 -2.43906337515526
129 -2.49380989760000 -2.47836975917246 -2.45097403440226
130 -2.54873799760000 -2.56429281158077 -2.53689708681056
131 -2.60663547760000 -2.61291845115806 -2.58552272638786
132 -2.66876743760000 -2.67926136510213 -2.65186564033196
133 -2.73438718760000 -2.72423326797330 -2.69683754320316
134 -2.79171430760000 -2.80250655062872 -2.77511082585856
135 -2.85899803760000 -2.84848068969261 -2.82108496492246
136 -2.91533630760000 -2.91822137795703 -2.89082565318686
137 -2.99531663760000 -2.96132066418722 -2.93392493941706
138 -3.05147661760000 -3.02643663650260 -2.99904091173246
139 -3.11859215760000 -3.09234837927970 -3.06495265450956
140 -3.18012578760000 -3.16886627607536 -3.14147055130516
141 -3.24247741760000 -3.21251312787466 -3.18511740310446
142 -3.28698079760000 -3.28235959064784 -3.25496386587766
143 -3.36004981760000 -3.36138144786411 -3.33398572309396
144 -3.41834177760000 -3.42342604587901 -3.39603032110886
145 -3.47360513760000 -3.47925912813049 -3.45186340336026
146 -3.51986261760000 -3.55490631292520 -3.52751058815506
147 -3.57142871760000 -3.62605586482011 -3.59866014004996
148 -3.57324128760000 -3.66008483681175 -3.63268911204156
149 -3.56146512760000 -3.66311661603992 -3.63572089126976
