# at 50 tours
# Type:  log(experiment)   # Type:  Upper  (CN simulator)   # Type:  log(our simulator)
0 2.27698011580000 2.45228544921679 2.28947622873757
1 2.25102345580000 2.40301361953219 2.27237219615447
2 2.23282931580000 2.35367972318509 2.23771298160117
3 2.20641164580000 2.30428929646080 2.19821196370677
4 2.16447848580000 2.25483472215800 2.16586139556177
5 2.11515420580000 2.20530421847509 2.12437981526417
6 2.09237404580000 2.15569494275549 2.09170500322087
7 2.05284574580000 2.10600728359410 2.06274348839677
8 2.01290183580000 2.05623186647269 2.02351236076967
9 1.96319499580000 2.00636199327969 1.97735581777627
10 1.93094901580000 1.95640963808479 1.93308080257707
11 1.90352222580000 1.90674686883660 1.89552274903357
12 1.86295641580000 1.85789429012629 1.85760111147837
13 1.82586853580000 1.80922989999170 1.81146735876197
14 1.78274078580000 1.76028061629689 1.76907194714897
15 1.74668217580000 1.71210563132420 1.72067840408167
16 1.70361947580000 1.66389797622220 1.67770521270337
17 1.66500227580000 1.61570619725459 1.62916755179497
18 1.61819579580000 1.56720539844999 1.56196480819737
19 1.57153402580000 1.51891028497329 1.53759024650907
20 1.53961492580000 1.47069148497850 1.48035841778237
21 1.48466823580000 1.42253324334069 1.44445956719017
22 1.43374075580000 1.37456865039669 1.38473360157807
23 1.38885407580000 1.32628662651629 1.33657254160767
24 1.33500347580000 1.27840513476499 1.30333276599497
25 1.29289932580000 1.22993270705980 1.24442026600207
26 1.24158745580000 1.18153534199440 1.21099225175227
27 1.19314822580000 1.13327324891599 1.15411726539277
28 1.14153418580000 1.08487164585000 1.08887467112477
29 1.10209647580000 1.03629758329100 1.05550045737437
30 1.05044615580000 0.987725573988195 1.00601239293747
31 1.00175085580000 0.938682785935095 0.951066710453469
32 0.942677585800000 0.889403031535794 0.913742264677570
33 0.892530465800000 0.839969317825895 0.848033360983370
34 0.840429315800000 0.790070954370394 0.797898021483270
35 0.780443065800000 0.741016762119594 0.765327537765170
36 0.734622825799999 0.691143261865294 0.700273462037170
37 0.693049155800000 0.641297491848196 0.656842548071870
38 0.629841765800000 0.591085118632796 0.608921430459169
39 0.584424415800000 0.540989200313895 0.556315816513870
40 0.527542095800000 0.490267118342995 0.507417791116470
41 0.480304445800000 0.439650546214596 0.451944747360370
42 0.425166955800000 0.388608993727596 0.407272303143570
43 0.373800115800000 0.337743936046294 0.346158387638770
44 0.323231135800000 0.286562191373095 0.293685732586271
45 0.271309275800000 0.235053113408695 0.246604869118171
46 0.221793115800000 0.182988283914694 0.191454110421970
47 0.168019615800000 0.131110520591696 0.146680090628269
48 0.110973385800000 0.0788334528365944 0.0905420136618709
49 0.0530200358000000 0.0259620564265948 0.0390179569660702
50 0.00792732579999990 -0.0271131889078049 -0.0244832589489299
51 -0.0526060242000001 -0.0802497195071048 -0.0640656120090295
52 -0.114382834200000 -0.133886486866205 -0.126392464312231
53 -0.163031984200000 -0.187912427215105 -0.183282235449029
54 -0.212847514200000 -0.241493990489404 -0.231451215335630
55 -0.275295894200000 -0.278414978082605 -0.270728012062930
56 -0.308908724200000 -0.291619173127906 -0.283932207108229
57 -0.348855224200000 -0.332003265932805 -0.324316299913029
58 -0.395810724200000 -0.393487866274205 -0.385800900254530
59 -0.434605444200000 -0.407593707474605 -0.399906741454929
60 -0.489170494200000 -0.457238848264005 -0.449551882244229
61 -0.537757564200000 -0.504732077320606 -0.497045111300929
62 -0.580199804200000 -0.566829748952905 -0.559142782933231
63 -0.627585784200000 -0.606074708001506 -0.598387741981830
64 -0.664461814200000 -0.650935714793105 -0.643248748773431
65 -0.714536904200000 -0.696429388723304 -0.688742422703630
66 -0.770222064200000 -0.735873439135105 -0.728186473115430
67 -0.826752204200000 -0.798122424224106 -0.790435458204430
68 -0.871540284200000 -0.828380502293106 -0.820693536273330
69 -0.919074704200000 -0.902854111965905 -0.895167145946131
70 -0.971732984200000 -0.947948720884305 -0.940261754864730
71 -1.01890763420000 -0.990258846533305 -0.982571880513630
72 -1.08264788420000 -1.04479888905650 -1.03711192303683
73 -1.13039093420000 -1.10096116930170 -1.09327420328203
74 -1.19433685420000 -1.14944283533591 -1.14175586931623
75 -1.22343929420000 -1.21919988840400 -1.21151292238423
76 -1.29851761420000 -1.27890616203130 -1.27121919601163
77 -1.34602582420000 -1.33511408540991 -1.32742711939023
78 -1.40428541420000 -1.40545703767000 -1.39777007165033
79 -1.45857124420000 -1.41736769691700 -1.40968073089733
80 -1.52026085420000 -1.50329074932531 -1.49560378330563
81 -1.56857985420000 -1.55191638890260 -1.54422942288293
82 -1.62622643420000 -1.61825930284670 -1.61057233682703
83 -1.68050669420000 -1.66323120571790 -1.65554423969813
84 -1.75291303420000 -1.74150448837321 -1.73381752235363
85 -1.80639257420000 -1.78747862743711 -1.77979166141743
86 -1.86293965420000 -1.85721931570160 -1.84953234968193
87 -1.94147341420000 -1.90031860193180 -1.89263163591213
88 -2.00166770420000 -1.96543457424711 -1.95774760822743
89 -2.04808899420000 -2.03134631702421 -2.02365935100453
90 -2.12668214420000 -2.10786421381991 -2.10017724780023
91 -2.19173753420000 -2.15151106561921 -2.14382409959953
92 -2.24892620420000 -2.22135752839240 -2.21367056237273
93 -2.31459368420000 -2.30037938560871 -2.29269241958893
94 -2.36003156420000 -2.36242398362350 -2.35473701760383
95 -2.43400255420000 -2.41825706587501 -2.41057009985533
96 -2.49000500420000 -2.49390425066981 -2.48621728465003
97 -2.55681359420000 -2.56505380256471 -2.55736683654493
98 -2.61803429420000 -2.59908277455630 -2.59139580853663
99 -2.65933736420000 -2.60211455378450 -2.59442758776483
