# Type:  log(bi)   # Type:  Upper  (Minkowski)   # Type:  GH   # Type:  Expected lambda1  
0.000000000000000     1.03671577650000     1.86608980315408     1.17294262259414     1.17634879537937
1.00000000000000     1.02846747650000     1.84665127065408     1.15350409009414     1.15691026287937
2.00000000000000     1.01936607650000     1.82686400315408     1.13371682259414     1.13712299537937
3.00000000000000    0.999350876500001     1.80681159440408     1.11366441384414     1.11707058662937
4.00000000000000    0.985855476500001     1.78669545940408     1.09354827884414     1.09695445162937
5.00000000000000    0.968941426500000     1.76636301315408     1.07321583259414     1.07662200537937
6.00000000000000    0.946851826500001     1.74591538690408     1.05276820634414     1.05617437912937
7.00000000000000    0.929760776500002     1.72552566690408     1.03237848634414     1.03578465912937
8.00000000000000    0.907893876500001     1.70497431190408     1.01182713134414     1.01523330412937
9.00000000000000    0.894432126500001     1.68446094440408    0.991313763844138    0.994719936629365
10.0000000000000    0.873052226500001     1.66352384565408    0.970376665094138    0.973782837879365
11.0000000000000    0.860997676500001     1.64258999940408    0.949442818844138    0.952848991629365
12.0000000000000    0.840781176500002     1.62129103315408    0.928143852594138    0.931550025379365
13.0000000000000    0.824933976500001     1.59999115315408    0.906843972594138    0.910250145379365
14.0000000000000    0.806298026500000     1.57853553315408    0.885388352594138    0.888794525379365
15.0000000000000    0.783137826500001     1.55704140940408    0.863894228844138    0.867300401629365
16.0000000000000    0.768043176500001     1.53539840690408    0.842251226344138    0.845657399129365
17.0000000000000    0.746913876500002     1.51359434565408    0.820447165094138    0.823853337879365
18.0000000000000    0.724174276500001     1.49172086065408    0.798573680094138    0.801979852879365
19.0000000000000    0.705682926500001     1.46993466690408    0.776787486344138    0.780193659129365
20.0000000000000    0.693085026500001     1.44798198690408    0.754834806344138    0.758240979129365
21.0000000000000    0.673419926500000     1.42589625690408    0.732749076344138    0.736155249129365
22.0000000000000    0.646089926500001     1.40375785315408    0.710610672594138    0.714016845379365
23.0000000000000    0.626036976500001     1.38168346065408    0.688536280094138    0.691942452879365
24.0000000000000    0.606581726500002     1.35947320815408    0.666326027594138    0.669732200379365
25.0000000000000    0.589838126500001     1.33718581690408    0.644038636344138    0.647444809129365
26.0000000000000    0.567144976500001     1.31476185065408    0.621614670094138    0.625020842879365
27.0000000000000    0.545372126500001     1.29227229440408    0.599125113844138    0.602531286629365
28.0000000000000    0.526357126500001     1.26968453315408    0.576537352594138    0.579943525379365
29.0000000000000    0.502645926500001     1.24699342440408    0.553846243844138    0.557252416629365
30.0000000000000    0.481773126500001     1.22425947815408    0.531112297594138    0.534518470379365
31.0000000000000    0.461200476500001     1.20140349065408    0.508256310094138    0.511662482879365
32.0000000000000    0.440240626500000     1.17844363690408    0.485296456344138    0.488702629129365
33.0000000000000    0.416518026500001     1.15532886690408    0.462181686344138    0.465587859129365
34.0000000000000    0.393280326500001     1.13219626440408    0.439049083844138    0.442455256629365
35.0000000000000    0.374770876500001     1.10894584190408    0.415798661344138    0.419204834129365
36.0000000000000    0.352731226500001     1.08544551690408    0.392298336344138    0.395704509129365
37.0000000000000    0.333630076500002     1.06188253315408    0.368735352594138    0.372141525379365
38.0000000000000    0.308981426500002     1.03811176190408    0.344964581344138    0.348370754129365
39.0000000000000    0.285337226500002     1.01416635815408    0.321019177594138    0.324425350379365
40.0000000000000    0.259174476500001    0.990110850654083    0.296963670094138    0.300369842879365
41.0000000000000    0.236976776500000    0.965971018154083    0.272823837594138    0.276230010379365
42.0000000000000    0.217269726500001    0.941626983154083    0.248479802594138    0.251885975379365
43.0000000000000    0.194705476500001    0.917058728154083    0.223911547594138    0.227317720379365
44.0000000000000    0.172557626500001    0.892281394404083    0.199134213844138    0.202540386629365
45.0000000000000    0.151036376500001    0.867378260654083    0.174231080094138    0.177637252879365
46.0000000000000    0.131263026500001    0.842137938154083    0.148990757594138    0.152396930379365
47.0000000000000    0.107706576500001    0.816698966904083    0.123551786344138    0.126957959129365
48.0000000000000   0.0873591765000008    0.791046164404083   0.0978989838441380    0.101305156629365
49.0000000000000   0.0569481765000012    0.765080150654083   0.0719329700941380   0.0753391428793652
50.0000000000000   0.0356983765000010    0.739154900654083   0.0460077200941380   0.0494138928793652
51.0000000000000  0.00903902650000106    0.713138314404083   0.0199911338441380   0.0233973066293653
52.0000000000000  -0.0112140234999985    0.686890049404083 -0.00625713115586196 -0.00285095837063473
53.0000000000000  -0.0332908234999989    0.660390070654083  -0.0327571099058620  -0.0293509371206348
54.0000000000000  -0.0534669234999993    0.633635821904083  -0.0595113586558620  -0.0561051858706348
55.0000000000000  -0.0825822734999991    0.606468058154083  -0.0866791224058621  -0.0832729496206348
56.0000000000000   -0.104119273500000    0.579259053154083   -0.113888127405862   -0.110481954620635
57.0000000000000   -0.128025523499999    0.551786245654083   -0.141360934905862   -0.137954762120635
58.0000000000000   -0.147273473500000    0.524251375654083   -0.168895804905862   -0.165489632120635
59.0000000000000   -0.172424273499999    0.496414691904083   -0.196732488655862   -0.193326315870635
60.0000000000000   -0.190344173500000    0.469072039404083   -0.224075141155862   -0.220668968370635
61.0000000000000   -0.212116223499999    0.444316103225780   -0.248831077334166   -0.245324373438207
62.0000000000000   -0.236885773499999    0.419159084851022   -0.273988095708923   -0.270374865824870
63.0000000000000   -0.262373123500000    0.393658137350411   -0.299489043209534   -0.295762748531649
64.0000000000000   -0.284913923499999    0.367813907413942   -0.325333273146003   -0.321486763982626
65.0000000000000   -0.307120523499999    0.341522940617441   -0.351624239942504   -0.347649678247718
66.0000000000000   -0.332437273499999    0.314747025903978   -0.378400154655967   -0.374288924026213
67.0000000000000   -0.358138323500000    0.287548344315469   -0.405598836244476   -0.401341436889989
68.0000000000000   -0.381287223499999    0.259912395575267   -0.433234784984678   -0.428820710593948
69.0000000000000   -0.406711923500000    0.231728904943015   -0.461418275616931   -0.456835868275764
70.0000000000000   -0.432466373499999    0.203034753596609   -0.490112426963336   -0.485348705315193
71.0000000000000   -0.457193673500000    0.173805856932336   -0.519341323627609   -0.514381778195782
72.0000000000000   -0.484350173499999    0.143967427804485   -0.549179752755460   -0.544008100689484
73.0000000000000   -0.508786073499999    0.113562984197805   -0.579584196362140   -0.574182085679481
74.0000000000000   -0.536736573499999   0.0824462469476855   -0.610700933612260   -0.605047584082639
75.0000000000000   -0.565242123499999   0.0506987623850342   -0.642448418174911   -0.636520182053408
76.0000000000000   -0.589788123499999   0.0182944702044915   -0.674852710355454   -0.668622530798924
77.0000000000000   -0.617200773499999  -0.0149910353457777   -0.708138215905723   -0.701574953498613
78.0000000000000   -0.648834723499999  -0.0491097701432133   -0.742256950703159   -0.735324538169625
79.0000000000000   -0.676883073499999  -0.0839366584091708   -0.777083838969116   -0.769740209489709
80.0000000000000   -0.706418823499999   -0.119707844710978   -0.812855025270923   -0.805050738745186
81.0000000000000   -0.736784623500000   -0.156437245369819   -0.849584425929764   -0.841260886720433
82.0000000000000   -0.765460473499999   -0.194172389749117   -0.887319570309062   -0.878406684164768
83.0000000000000   -0.796387873499999   -0.233112872876679   -0.926260053436625   -0.916673101726584
84.0000000000000   -0.823567723499998   -0.273252732568176   -0.966399913128121   -0.956035314636702
85.0000000000000   -0.858576523499999   -0.314972925378021    -1.00812010593797   -0.996849565064807
86.0000000000000   -0.886295823499999   -0.357921820788653    -1.05106900134860    -1.03873126181676
87.0000000000000   -0.918405523499999   -0.402783771498698    -1.09593095205864    -1.08231990464360
88.0000000000000   -0.951281373499999   -0.449473230697245    -1.14262041125719    -1.12746748481564
89.0000000000000   -0.980061823499998   -0.498169889514104    -1.19131707007405    -1.17426435202272
90.0000000000000    -1.00496507350000   -0.549565951586549    -1.24271313214649    -1.22327085535034
91.0000000000000    -1.04089157350000   -0.604572717240452    -1.29771989780040    -1.27519632136437
92.0000000000000    -1.07121317350000   -0.662600657071261    -1.35574783763121    -1.32912762418725
93.0000000000000    -1.10346077350000   -0.724955940030119    -1.41810312059006    -1.38582297225526
94.0000000000000    -1.14017747350000   -0.792331690993411    -1.48547887155336    -1.44498037560985
95.0000000000000    -1.17094247350000   -0.865076155395339    -1.55822333595528    -1.50496798984661
96.0000000000000    -1.20303157350000   -0.945761740724767    -1.63890892128471    -1.56389396256654
97.0000000000000    -1.22942032350000    -1.03642064570711    -1.72956782626706    -1.61171040782075
98.0000000000000    -1.26074082350000    -1.14265336086475    -1.83580054142470    -1.61000918877997
