# Type:  log(experiment)   # Type:  log(CN simulator)   # Type:  log(our simulator)
0 2.08187609627661 2.45228544921676 2.07447919167238
1 2.07750013882982 2.40301361953214 2.05583311793978
2 2.04596229840421 2.35367972318508 2.03245928446278
3 2.02432567074472 2.30428929646079 2.00533289123808
4 1.99012793670212 2.25483472215803 1.97399605909388
5 1.96729097925532 2.20530421847511 1.94304701789578
6 1.93133607500002 2.15569494275549 1.91365590529148
7 1.89619362819152 2.10600728359410 1.86745410791348
8 1.86407786223402 2.05623186647275 1.83199379246428
9 1.82114737287232 2.00636199327969 1.79970948500928
10 1.78423876648942 1.95640963808482 1.76717125816848
11 1.75612186223402 1.90674686883666 1.73483199809668
12 1.71399213882982 1.85789429012633 1.71160487862398
13 1.67457279840422 1.80922989999169 1.66879905190718
14 1.63945021329791 1.76028061629689 1.64647387178098
15 1.60780117074471 1.71210563132419 1.61052075462138
16 1.56870334095742 1.66389797622223 1.57261072619078
17 1.53521808563831 1.61570619725461 1.54569897777768
18 1.51179153244682 1.56720539845000 1.50494896741978
19 1.45862181968081 1.51891028497330 1.47040465885248
20 1.42882625585112 1.47069148497849 1.41676554421638
21 1.39840924521281 1.42253324334067 1.39397132898138
22 1.36247069202131 1.37456865039676 1.35164691508018
23 1.31833110691491 1.32628662651630 1.32102965729288
24 1.29001424521281 1.27840513476498 1.28157335199188
25 1.25361454308512 1.22993270705985 1.22783196860058
26 1.21077333031912 1.18153534199442 1.20041396060808
27 1.16807431968082 1.13327324891603 1.15202633342898
28 1.12801331968082 1.08487164584997 1.11413913549418
29 1.08040969202132 1.03629758329105 1.07770526542458
30 1.03944117074472 0.987725573988225 1.01747768325158
31 1.00280324521282 0.938682785935065 0.981385902997884
32 0.954305021808516 0.889403031535812 0.940299131745483
33 0.918957926063815 0.839969317825906 0.886796617094083
34 0.871635277127615 0.790070954370442 0.849559483698282
35 0.827781372872316 0.741016762119608 0.794741670907182
36 0.774519266489415 0.691143261865278 0.759333417956682
37 0.725752936702115 0.641297491848215 0.695795580519784
38 0.678759521808516 0.591085118632773 0.654934112542684
39 0.627682947340416 0.540989200313870 0.601597978405783
40 0.584119075000016 0.490267118343047 0.550239702031083
41 0.522369489893615 0.439650546214597 0.500607253006784
42 0.477929436702116 0.388608993727567 0.450871064556983
43 0.429685681383015 0.337743936046250 0.396039365575584
44 0.374424830319116 0.286562191373065 0.343037296391584
45 0.320701298404215 0.235053113408677 0.288035060769984
46 0.277964489893616 0.182988283914709 0.248429655531384
47 0.217342702659616 0.131110520591733 0.185379477487183
48 0.161156000531916 0.0788334528365287 0.130851539529983
49 0.104578383510615 0.0259620564266339 0.0804804766123830
50 0.0540084047872149 -0.0271131889078120 0.0312726144516837
51 -0.00520089308508531 -0.0802497195070870 -0.0263584613232162
52 -0.0512847867020838 -0.133886486866260 -0.0716437050167169
53 -0.108613063297884 -0.187912427215112 -0.128340731231518
54 -0.164653190957484 -0.241493990489362 -0.192360248762617
55 -0.216917414361685 -0.278414978082626 -0.221850487285717
56 -0.247167797340385 -0.291619173127916 -0.235054682331016
57 -0.295865212234085 -0.332003265932736 -0.275438775135816
58 -0.340067680319185 -0.393487866274242 -0.336923375477317
59 -0.387755052659585 -0.407593707474641 -0.351029216677716
60 -0.431078350531884 -0.457238848263971 -0.400674357467016
61 -0.467467573936185 -0.504732077320593 -0.448167586523617
62 -0.520074042021285 -0.566829748952893 -0.510265258155917
63 -0.566367403723385 -0.606074708001511 -0.549510217204617
64 -0.616666307978685 -0.650935714793151 -0.594371223996216
65 -0.669371276063785 -0.696429388723349 -0.639864897926417
66 -0.706721637765984 -0.735873439135126 -0.679308948338218
67 -0.758107148404285 -0.798122424224093 -0.741557933427117
68 -0.806131595212785 -0.828380502293072 -0.771816011496117
69 -0.866167605851084 -0.902854111965862 -0.846289621168916
70 -0.913200222872284 -0.947948720884380 -0.891384230087416
71 -0.971169999468085 -0.990258846533278 -0.933694355736316
72 -1.02535373351058 -1.04479888905652 -0.988234398259618
73 -1.07289052074468 -1.10096116930169 -1.04439667850472
74 -1.13214512712768 -1.14944283533594 -1.09287834453902
75 -1.17998761648938 -1.21919988840397 -1.16263539760702
76 -1.22668821223398 -1.27890616203131 -1.22234167123442
77 -1.28528337180848 -1.33511408540992 -1.27854959461302
78 -1.33583577606379 -1.40545703767003 -1.34889254687312
79 -1.40088986117019 -1.41736769691702 -1.36080320612012
80 -1.45115773351058 -1.50329074932533 -1.44672625852842
81 -1.51462655265959 -1.55191638890262 -1.49535189810572
82 -1.58209942499998 -1.61825930284670 -1.56169481204982
83 -1.64169796755318 -1.66323120571786 -1.60666671492092
84 -1.69334661648938 -1.74150448837328 -1.68493999757632
85 -1.75545552074468 -1.78747862743717 -1.73091413664022
86 -1.81240753138298 -1.85721931570159 -1.80065482490462
87 -1.88334516968088 -1.90031860193178 -1.84375411113482
88 -1.93697412712769 -1.96543457424716 -1.90887008345022
89 -2.00658509521278 -2.03134631702426 -1.97478182622732
90 -2.07831333989358 -2.10786421381992 -2.05129972302302
91 -2.13198764840429 -2.15151106561922 -2.09494657482232
92 -2.19257275478718 -2.22135752839240 -2.16479303759552
93 -2.25292743563828 -2.30037938560867 -2.24381489481172
94 -2.31640354202128 -2.36242398362357 -2.30585949282662
95 -2.38112612712768 -2.41825706587506 -2.36169257507812
96 -2.44368753138298 -2.49390425066977 -2.43733975987282
97 -2.52048898882978 -2.56505380256467 -2.50848931176772
98 -2.56722390372338 -2.59908277455632 -2.54251828375942
99 -2.60365553138299 -2.60211455378449 -2.54555006298752
