# true --> bs70 --> bs75 --> bs80 --> bs85 -->bs90
0 8.10361915258115 8.07075786660150 8.05301000671560 8.06168594173435 8.13567029177040 8.13700183526305
1 8.09837991827450 8.06279306121270 8.04712278851875 8.05071680350455 8.12102493471255 8.11586696618565
2 8.08626290003110 8.05670368058770 8.04390904855065 8.04050590606320 8.10062874416530 8.09691267875355
3 8.08645747928442 8.05260323911565 8.03690389661600 8.02672102243965 8.08908075389970 8.07648412144305
4 8.05518403861210 8.04275235327050 8.03215022126585 8.01669623183820 8.06937845453715 8.05355393012495
5 8.03454334581730 8.04350443424755 8.02866184707735 7.99811998160485 8.04683277283425 8.03183387955935
6 8.04181379807677 8.03950709872800 8.02075945199685 7.98896296958510 8.02564963517810 8.01035581234375
7 7.98049936301868 8.03376982847015 8.01749247086745 7.97655646492515 8.00914357071705 7.99119031263340
8 7.96662074402930 8.02193333593155 8.00358168760915 7.95966597888235 7.98716145538110 7.96944186779755
9 7.92192976088258 8.01433919579420 7.99614497034205 7.95342997310695 7.96717333467665 7.94680266225995
10 7.89252934908462 7.99916921286740 7.98220658966265 7.94116285393990 7.94896993246865 7.93118066701330
11 7.88141445397835 7.98776748332860 7.96944091235715 7.92365756982825 7.92570631198130 7.90782075694205
12 7.86808725111446 7.96985493143205 7.95322206483755 7.91225624312715 7.90786633560060 7.88705261676620
13 7.82830042816670 7.95665709580875 7.93550363271560 7.89848935450685 7.88321501967355 7.86633054103710
14 7.79096325332088 7.93516649315735 7.91465840407400 7.88500516172840 7.86349258189400 7.84524427286880
15 7.82599333155694 7.91535597269705 7.89502957164040 7.86893320640530 7.84176535798385 7.82276552142890
16 7.82848795953215 7.90076735063545 7.87838965146190 7.84594973098935 7.82304822344750 7.80100299067140
17 7.75393368567506 7.87781285089275 7.85190307140645 7.82832180203155 7.80135750390285 7.77883152225900
18 7.76502221236188 7.85334873604550 7.83410189632065 7.80680703873145 7.78063703520320 7.76087314141865
19 7.75018769721291 7.83436680036920 7.81239908234930 7.78764075944775 7.75786005230275 7.73627178837630
20 7.76834065848660 7.81572600988860 7.79225261123015 7.76409086596595 7.73450132398200 7.71192032102140
21 7.72363169268765 7.79406897719245 7.77323863371075 7.74271027885280 7.71580965691505 7.69256437904665
22 7.70614359451265 7.77078060547950 7.74907043675940 7.72653952652960 7.69659303240285 7.66889098974075
23 7.67968537648946 7.75111592550610 7.72584979989555 7.70423617020700 7.67313730329765 7.64829002867270
24 7.64937694612152 7.72720644603625 7.70859653560775 7.67981710737750 7.64977163570585 7.62672158995550
25 7.60740825273596 7.70603598859595 7.68207814156530 7.65710857892800 7.62970342436700 7.60314419480575
26 7.60014830096544 7.68594120951810 7.66407035023445 7.63715468024415 7.60619898363155 7.57964346320620
27 7.58198643605726 7.66474256900395 7.64045823887825 7.61715114686795 7.58616581196105 7.55877390408480
28 7.54880965796304 7.64007787354160 7.61789561761470 7.59134266537580 7.56254120121745 7.53347243049770
29 7.53999865509267 7.61996491953770 7.59586404920845 7.56882726492315 7.53782461836410 7.51424810380695
30 7.52314072230723 7.59201748701050 7.57376975751025 7.54198754567650 7.51700826278695 7.48724387585480
31 7.45663944502993 7.57263888606385 7.55157169400050 7.52348567660935 7.49306542983630 7.47229144833935
32 7.46137523359499 7.55231029172780 7.52758210938255 7.50125450497025 7.46856014030245 7.45786395964345
33 7.44291688760032 7.52673892944010 7.50691393477465 7.48188779539920 7.44735049631065 7.44178517337635
34 7.44544469137586 7.50453983825175 7.48441418316530 7.45603807653210 7.42591138055105 7.42813376006855
35 7.40387400020174 7.48008795213465 7.46015215731445 7.43539385814435 7.40398469070705 7.41333528926765
36 7.39726029183143 7.46130713989170 7.43966409315765 7.41097452668795 7.38785150750160 7.39910880386395
37 7.36044266902681 7.44103168043005 7.41166001761915 7.38640319875390 7.37233754296705 7.38196734675585
38 7.36688989576651 7.41254828012340 7.39223967681965 7.36437922974670 7.35494537070505 7.36433121517440
39 7.34900052527454 7.39004918189015 7.37170262866275 7.34163692025360 7.33865529133145 7.35093029529505
40 7.35717471311678 7.36782600668505 7.34586471403140 7.32079848989225 7.32332443939530 7.33457932861720
41 7.33410347291278 7.34627593177930 7.32241703074995 7.30386455039540 7.31158725344010 7.31842784553235
42 7.32662579878972 7.31786789345060 7.29900102170910 7.28770648530725 7.29233330164405 7.30315462761765
43 7.28953027897961 7.29707724060440 7.27687918427020 7.26913400382685 7.27331268003150 7.28805121678055
44 7.27222933316555 7.27744328690140 7.25561012896615 7.24931231329335 7.25675386096755 7.27132291003860
45 7.26262763780635 7.24905348825650 7.22801000452310 7.23411436841065 7.24141496290740 7.25144180906365
46 7.25493667305841 7.22647619156785 7.21049502481150 7.21650692355980 7.22677657454320 7.23323789795910
47 7.24520894228020 7.20227073045305 7.19359154961235 7.20088068373590 7.20693418675250 7.21896830670730
48 7.20559944570071 7.17752502788690 7.17719610753780 7.18281163946285 7.18934599663525 7.20375570557705
49 7.17696088270057 7.14926545657910 7.15881759094610 7.16620837840700 7.17729270576515 7.18384692768510
50 7.18134739485780 7.13087278708385 7.14457859111405 7.14886960150745 7.15696118586970 7.16800943556545
51 7.16689984721653 7.10927760236625 7.12530499418000 7.12949260237160 7.14151795433835 7.14492854234425
52 7.15013618002396 7.09387062959410 7.10476325047085 7.11464971527780 7.11980493049725 7.13256117355150
53 7.12883167593022 7.07793663675625 7.08924040959415 7.09355920080060 7.09966449129785 7.11614766187245
54 7.10690705046587 7.05803546053695 7.07215215748920 7.08067104215235 7.09087608607830 7.09413105885045
55 7.09818509109314 7.04122596931015 7.05154353132700 7.05699230095640 7.06914928865935 7.07706627917470
56 7.01534974123454 7.01913640129235 7.03473214015850 7.03968982633425 7.05110691030585 7.06179057845220
57 7.04953810881593 7.00039500520360 7.01698855397660 7.01591381757760 7.03284124802670 7.03932323980545
58 7.03465396826987 6.98631238364320 6.99857159828425 7.00222925207830 7.00914611578150 7.02331968364955
59 7.01785867013467 6.96827188707770 6.97857920319020 6.98268383250445 6.99282438973865 7.00302067349670
60 7.01638669116717 6.94636656037620 6.95769843090030 6.96683876075015 6.97186087175455 6.98506026263800
61 6.98872285772555 6.92792300002595 6.94418327204690 6.94612765999630 6.95537410352845 6.96607071291440
62 6.94381339109214 6.90810830842815 6.91929392216130 6.92993727532240 6.93428480146690 6.94387566953365
63 6.95085934975967 6.88863069493770 6.90601471361740 6.91115054788500 6.91836568510185 6.92911707190085
64 6.92373808884519 6.86959538086805 6.88083349283415 6.89125333428620 6.90053834041970 6.91027562829585
65 6.90359149084078 6.84755205320385 6.86158251469600 6.87284878991110 6.87735079208595 6.88817340040330
66 6.83558637054165 6.82956512937435 6.84167928865055 6.85372524019895 6.85773630838765 6.86612060635520
67 6.87740980188840 6.81115347615045 6.82110998332545 6.83626197807450 6.84031869308495 6.84835033400520
68 6.84486254034609 6.78651921866665 6.79946055768005 6.81651065449365 6.82071210896755 6.82260562722655
69 6.84410306225552 6.76445578806610 6.78631120407455 6.79402007618845 6.79749845896200 6.79982282765940
70 6.83183726147393 6.74641888549625 6.75781346992540 6.77656682610030 6.77934662485155 6.78564490810610
71 6.76531160609958 6.72715818916495 6.73737696029965 6.75578101348420 6.76027026693260 6.76227344644780
72 6.71798393965825 6.70396844689150 6.71554816429245 6.73247282344490 6.73227828713465 6.74060597927640
73 6.74796443048554 6.67980705971790 6.69544695703855 6.70969986176935 6.71536412345445 6.72139113427780
74 6.74407484649173 6.66015114977780 6.67101312054840 6.68895648450130 6.69461112353380 6.70042883933245
75 6.72845201888238 6.64208106031970 6.65574638736570 6.67521730715780 6.67442835948685 6.68031691005725
76 6.62882774339563 6.63547596685935 6.64912622386140 6.66862740786810 6.66784842116230 6.67374191831755
77 6.63471045473488 6.61527602750440 6.62893125848435 6.64842734747465 6.64764347806350 6.65352694681995
78 6.60556985146601 6.58454594169825 6.59818119117645 6.61768735412625 6.61689338565240 6.62279199737760
79 6.61733876902863 6.57748093964935 6.59114125250390 6.61063241407305 6.60985842410595 6.61574191831755
80 6.59624339855245 6.55266611811635 6.56632640824050 6.58581726903780 6.58503842387655 6.59088208344500
81 6.57289355739530 6.52893094454030 6.54257621772890 6.56207247118595 6.56127838457305 6.56716200515505
82 6.55411062281786 6.49787595958610 6.51151124488050 6.53101239058410 6.53021847911045 6.53612203099450
83 6.50998739051012 6.47824619744315 6.49190125829025 6.51140234565785 6.51061350568695 6.51647691621880
84 6.47056936311632 6.45579599641155 6.46947118354905 6.48895235301175 6.48815844109265 6.49406696372360
85 6.44231203714112 6.43307608852540 6.44673640717355 6.46620732636525 6.46542336124490 6.47131192567675
86 6.44272505377328 6.41335094910445 6.42699121462115 6.44649235039525 6.44568845621520 6.45161700964405
87 6.43342938102590 6.38222628151320 6.39589132101805 6.41535734219680 6.41460351783810 6.42043709682065
88 6.41620241457804 6.36709606037515 6.38076637227895 6.40022730773210 6.39945843817220 6.40531691005725
89 6.39417335200608 6.32985591816640 6.34349622719995 6.36300736813240 6.36220346285015 6.36812203099450
90 6.37993792575747 6.30728600201830 6.32096612033915 6.34045235301175 6.33965844109265 6.34555697495500
91 6.32270148426879 6.28615610131275 6.29981637461020 6.31930227574715 6.31853343172945 6.32435700407240
92 6.29009075734678 6.25890587696345 6.27252625220105 6.29202740252425 6.29123844505370 6.29713700990605
93 6.28065242250975 6.23078600201830 6.24445620396535 6.26394736499575 6.26315844109265 6.26905697495500
94 6.20569307659728 6.20656607491735 6.22022632137320 6.23970732636525 6.23891837792550 6.24480696114460
95 6.24932567827510 6.17169118718260 6.18534643050680 6.20482729265170 6.20405843717145 6.20989213099600
96 6.18984456569264 6.14181593939705 6.15547615638660 6.17498233500485 6.17417848483815 6.18009696386535
97 6.11400042647688 6.11373127173520 6.12739132101805 6.14686235611790 6.14610851927835 6.15194206006085
98 6.07599289561825 6.07856103791645 6.09221633572780 6.11170732636525 6.11091338457970 6.11680198662400
99 6.10097046265055 6.07260106188995 6.08626637227895 6.10572730773210 6.10495843817220 6.11082686875040
100 6.02119810181749 6.02965104503390 6.04330134131175 6.06278227740235 6.06201341759375 6.06785201510510
101 6.02687842938414 6.00531593939705 6.01897615638660 6.03846734174285 6.03766851822065 6.04358195900280
102 6.03240330434835 5.97215610131275 5.98581637461020 6.00530227574715 6.00453343172945 6.01035700407240
103 5.96904106712669 5.94967116918920 5.96332640824050 5.98281726903780 5.98204340599965 5.98788208344500
104 5.92988200558591 5.91053600729620 5.92416618382300 5.94367737275075 5.94289338565240 5.94878698275095
105 5.92000395461404 5.88755098389085 5.90118622696710 5.92070231088935 5.91990337273860 5.92579702199310
106 5.84602423664381 5.85268114078695 5.86634643050680 5.88581726903780 5.88504843311390 5.89088713738805
107 5.82110369188905 5.83111105977065 5.84478133764775 5.86427728768935 5.86350339271050 5.86933688737560
108 5.79829811654041 5.79857608852540 5.81223640717355 5.83170732636525 5.83091837792550 5.83681192567675
109 5.72448905270553 5.76560106188995 5.77926637227895 5.79873230793425 5.79797340677975 5.80383184302350
110 5.73205231619796 5.72735094910445 5.74099121462115 5.76050237068025 5.75969846735755 5.76561700964405
111 5.65622394142784 5.70553097502725 5.71916618382300 5.73867737275075 5.73789338565240 5.74377700336415
112 5.68245054910470 5.67060106188995 5.68426637227895 5.70373230793425 5.70296839898250 5.70882686875040
113 5.63828949748908 5.63109606037515 5.64476637227895 5.66422730773210 5.66345843817220 5.66931691005725
114 5.61031500371557 5.60007608852540 5.61374139729450 5.63321232676720 5.63242336124490 5.63831192567675
115 5.57120892375364 5.57215610131275 5.58581637461020 5.60530227574715 5.60453343172945 5.61035700407240
116 5.55450889822503 5.53432093871295 5.54797615638660 5.56748233500485 5.56667848483815 5.57259696386535
117 5.55857875031436 5.49875613761990 5.51240626175405 5.53191234255690 5.53112348833750 5.53698692190245
118 5.55336601648217 5.48174120737010 5.49539628967885 5.51490234565785 5.51411350568695 5.51997196324050
119 5.51471481278190 5.48023127173520 5.49389132101805 5.51336235611790 5.51260851927835 5.51844206006085
