# Type:  standard BKZ   # Type:  BKZ with variable block-size
1 1.01611618741449 1.01610791561638
2 1.01296415210749 1.01270987235246
3 1.01186343548889 1.01179596528937
4 1.01159912433997 1.01152211301096
5 1.01142722338170 1.01138475583137
6 1.01133089538429 1.01131576968102
7 1.01125784817744 1.01128008786799
8 1.01120697119711 1.01123247844853
9 1.01117970859500 1.01116739208932
10 1.01114898587990 1.01112550769293
11 1.01112939775022 1.01110007903368
12 1.01111011329928 1.01108508470658
13 1.01108329051487 1.01107319888217
14 1.01106485835048 1.01103808031179
15 1.01105246895627 1.01101950938629
16 1.01103323485775 1.01100010750006
17 1.01101809979403 1.01099066445176
18 1.01100777417182 1.01097752262916
19 1.01099272197572 1.01095821177002
20 1.01097706751421 1.01093590905209
21 1.01096687680194 1.01092675240853
22 1.01096304466309 1.01091818655285
23 1.01095285845998 1.01091580477660
24 1.01094829367623 1.01090470730567
25 1.01093955705004 1.01088519231844
26 1.01093335388252 1.01086434270836
27 1.01092895294889 1.01085665681763
28 1.01091651207216 1.01084633134517
29 1.01091555879589 1.01084094252195
30 1.01091032651479 1.01083521576623
31 1.01090717710684 1.01082968970175
32 1.01090601554849 1.01082552669143
33 1.01089419288609 1.01082552668827
34 1.01089025444963 1.01081426057198
35 1.01087685068585 1.01081426055934
36 1.01087230857224 1.01081426057830
37 1.01086624083398 1.01081366510393
38 1.01086362891448 1.01081366508217
39 1.01084964295022 1.01081196661094
40 1.01084227827227 1.01079734168693
41 1.01083557788292 1.01079040080232
42 1.01082797047003 1.01078225198580
43 1.01082071960027 1.01078165975532
44 1.01081348749451 1.01077425499605
45 1.01081135419946 1.01077354936391
46 1.01080608963353 1.01077354934004
47 1.01080152614564 1.01076692908698
48 1.01080152613301 1.01076221659861
49 1.01079788898049 1.01076147396802
50 1.01079788900225 1.01075635624961
51 1.01079616662939 1.01075635625347
52 1.01079395750028 1.01075500750530
53 1.01077670852894 1.01074888632869
54 1.01077624849930 1.01074888630903
55 1.01076963733881 1.01074456503723
56 1.01076885722149 1.01073204334221
57 1.01076672888776 1.01073204334291
58 1.01076672888531 1.01073204334256
59 1.01076483740946 1.01073204334221
60 1.01076074783899 1.01073000999986
61 1.01074430089602 1.01071324173011
62 1.01074257642979 1.01070888372720
63 1.01074195166227 1.01070694912521
64 1.01074064867530 1.01070506668527
65 1.01073727095030 1.01070506666351
66 1.01073556562423 1.01069962062869
67 1.01073210016922 1.01069962065502
68 1.01073210016536 1.01069962060974
69 1.01073210015904 1.01069192301844
70 1.01072860933925 1.01068819167639
71 1.01072770598482 1.01068027092933
72 1.01072608844135 1.01068027092687
73 1.01072608841854 1.01066686934760
74 1.01072608842626 1.01066686934795
75 1.01071793649104 1.01066640148475
76 1.01071793649420 1.01066365682664
77 1.01071462958634 1.01066204731342
78 1.01070893945130 1.01065995271007
79 1.01070652812830 1.01065528305814
80 1.01070652811778 1.01065240243290
81 1.01070199058697 1.01065240243009
82 1.01069842420039 1.01064848788895
83 1.01069422987591 1.01064775584494
84 1.01069237203387 1.01064775584669
85 1.01068216765687 1.01064775586038
86 1.01068216764634 1.01064775585687
87 1.01067457993704 1.01064775585476
88 1.01067457993915 1.01064775584353
89 1.01067457994898 1.01064461645223
90 1.01067457993073 1.01064461643188
91 1.01067111185528 1.01064347623765
92 1.01066787632920 1.01064347625063
93 1.01066787630920 1.01064347622712
94 1.01066592615933 1.01064183093948
95 1.01066592616740 1.01064183094054
96 1.01066592615266 1.01064105895084
97 1.01066592615722 1.01064105892592
98 1.01066592615687 1.01064105894417
99 1.01066592614073 1.01064105894382
100 1.01066157543015 1.01063985816364
101 1.01066022657053 1.01063446745239
102 1.01066022656211 1.01063446743484
103 1.01065932091269 1.01063446745239
104 1.01065555412610 1.01063446744221
105 1.01065555411627 1.01063446744081
106 1.01065373356160 1.01063032131965
107 1.01065294072967 1.01062664860485
108 1.01065294070651 1.01062560347357
109 1.01065191429177 1.01062465592232
110 1.01065191430265 1.01062465587460
111 1.01065191430405 1.01062465592057
112 1.01065191428650 1.01062465590232
113 1.01064993683181 1.01062245910884
114 1.01064993686094 1.01062245910393
115 1.01064318869137 1.01062245911481
116 1.01064318870962 1.01061675631399
117 1.01064318867664 1.01061675631644
118 1.01064318870857 1.01061675630276
119 1.01064065678947 1.01061589095025
120 1.01064065678070 1.01061589096639
121 1.01063982773286 1.01061589096955
122 1.01063982774794 1.01061589097306
123 1.01063982775075 1.01061589096990
124 1.01063460041750 1.01061589096674
125 1.01063460041926 1.01061589098007
126 1.01063460041785 1.01061589097621
127 1.01063460042978 1.01061387757976
128 1.01063460042241 1.01061387758012
129 1.01063396874440 1.01061272495845
130 1.01063396873739 1.01061272499249
131 1.01063161570737 1.01061272497073
132 1.01062817727497 1.01060747507233
133 1.01061690390334 1.01060485194684
134 1.01061690390264 1.01060166618288
135 1.01060901982353 1.01060166618078
136 1.01060901981301 1.01060166617446
137 1.01060521376695 1.01060166618323
138 1.01060521377011 1.01060081234554
139 1.01060521378484 1.01059367975020
140 1.01060521378730 1.01059367976072
141 1.01060521378169 1.01059367979932
142 1.01060521378379 1.01059367975511
143 1.01060466443333 1.01058761797238
144 1.01060466443579 1.01058340907390
145 1.01060466442982 1.01057949118577
146 1.01060466444983 1.01057949118472
147 1.01060466442912 1.01057949120226
148 1.01060466443790 1.01057949117208
149 1.01060466443439 1.01057949116085
150 1.01060466442842 1.01057949118296
151 1.01060466443649 1.01057949119033
152 1.01060466443649 1.01057949117559
153 1.01060466442210 1.01057949116963
154 1.01060406740617 1.01057821583315
155 1.01060406737424 1.01057590912469
156 1.01060406737670 1.01056958855743
157 1.01060185652551 1.01056782488590
158 1.01060134616188 1.01056573400955
159 1.01060134615275 1.01056295563096
160 1.01060134614117 1.01055879820282
161 1.01060134616082 1.01055879822246
162 1.01060134615275 1.01055879822668
163 1.01060134614644 1.01055879820282
164 1.01059661160146 1.01055879822211
165 1.01059661158602 1.01055879820422
166 1.01059661158286 1.01055879822878
167 1.01059661159163 1.01055879820773
168 1.01059466584027 1.01055879821159
169 1.01059021698355 1.01055731067820
170 1.01058936248953 1.01055731067645
171 1.01058936248041 1.01055731068697
172 1.01058936249129 1.01055731067961
173 1.01058805871500 1.01055731068066
174 1.01058805869710 1.01055731067820
175 1.01057953201037 1.01055620018966
176 1.01057953203809 1.01055083546245
177 1.01057860538727 1.01054363662675
178 1.01057860537288 1.01054082650214
179 1.01057860537779 1.01054082649969
180 1.01057860536727 1.01054082649583
181 1.01057704181424 1.01054082653618
182 1.01057704182126 1.01054082651864
183 1.01057405612878 1.01054082652635
184 1.01057405612001 1.01053223163879
185 1.01057405612562 1.01053223164721
186 1.01057343120331 1.01053223164651
187 1.01057162611375 1.01053223163808
188 1.01056939448914 1.01052986681718
189 1.01056939446879 1.01052640892288
190 1.01056939447475 1.01052640892884
191 1.01056756079018 1.01052640892814
192 1.01056756075263 1.01052640892814
193 1.01055804863303 1.01052640893726
194 1.01055804862567 1.01052375561910
195 1.01055577638319 1.01052375562120
196 1.01055577641020 1.01052290076022
197 1.01055468744080 1.01052290076057
198 1.01055322681418 1.01052123664441
199 1.01055322680260 1.01052123666616
200 1.01055322680225 1.01052123663283
201 1.01055322680611 1.01052123664862
202 1.01055322681067 1.01052123664722
203 1.01054348585822 1.01052123666546
204 1.01054159519418 1.01052123663774
205 1.01054159521172 1.01052123665178
206 1.01054159516961 1.01052123665037
207 1.01054159519488 1.01052123664336
208 1.01054159520260 1.01052123664652
209 1.01054159520330 1.01052123664406
210 1.01054159517523 1.01052123663704
211 1.01054159518926 1.01052123665704
212 1.01054159519628 1.01051935960611
213 1.01054159520295 1.01051935961208
214 1.01054159519347 1.01051935961664
215 1.01054159519698 1.01051935961524
216 1.01054159520330 1.01051935961278
217 1.01054159520225 1.01051935961839
218 1.01054159518926 1.01051935961138
219 1.01054159520400 1.01051691602554
220 1.01054159519979 1.01051691604729
221 1.01054116800149 1.01051345874537
222 1.01054116799447 1.01051345873449
223 1.01054055775376 1.01051345874677
224 1.01053777927947 1.01051345874361
225 1.01053777925807 1.01051345874396
226 1.01053777927000 1.01051250533128
227 1.01053777925386 1.01050939018322
228 1.01053777927632 1.01050584811367
229 1.01053777928018 1.01050584807542
230 1.01053777926965 1.01050584808419
231 1.01053777928333 1.01050584807612
232 1.01053777926403 1.01050354816497
233 1.01053777927246 1.01050354818918
234 1.01053381125769 1.01050281629155
235 1.01053381128506 1.01049734636725
236 1.01053381126541 1.01049664535110
237 1.01053182003471 1.01049664532197
238 1.01052956354809 1.01049600277648
239 1.01052956354809 1.01049600277964
240 1.01052369949749 1.01049600278034
241 1.01052369951328 1.01049600275859
242 1.01052369950100 1.01049600277894
243 1.01052369950661 1.01049470032411
244 1.01052369950766 1.01049470032938
245 1.01052369951047 1.01049470033499
246 1.01052369951854 1.01049470034060
247 1.01052323661634 1.01049123714647
248 1.01052255857617 1.01049123717103
249 1.01052255854951 1.01049123714612
250 1.01052255856003 1.01049123715700
251 1.01052111526047 1.01049123716331
252 1.01052111527485 1.01049123716261
253 1.01052111527380 1.01049123714823
254 1.01052111525275 1.01049032878017
255 1.01051720820953 1.01049032877069
256 1.01051720822742 1.01049032877947
257 1.01051647661814 1.01048751552813
258 1.01051443699690 1.01048751553059
259 1.01051443700287 1.01048751552743
260 1.01051443700953 1.01048619889569
261 1.01051215439052 1.01048619890130
262 1.01051215436000 1.01048402810841
263 1.01050867262777 1.01048357012768
264 1.01050867261128 1.01048357014031
265 1.01050867262707 1.01048357013435
266 1.01050867261584 1.01048357012172
267 1.01050867263795 1.01048357011610
268 1.01050867261584 1.01048357011856
269 1.01050867261409 1.01048357011786
270 1.01050867260707 1.01048357012452
271 1.01050867261935 1.01048048056029
272 1.01050699046591 1.01048048053292
273 1.01050699046942 1.01047654177470
274 1.01050699047363 1.01047654177611
275 1.01050699047468 1.01047654177189
276 1.01050699046556 1.01047438668526
277 1.01050699046907 1.01047438669579
278 1.01050583947524 1.01046889477365
279 1.01050583945489 1.01046889477154
280 1.01050535585253 1.01046889477119
281 1.01050535583183 1.01046340030678
282 1.01050474945371 1.01046340031625
283 1.01050474948108 1.01046340031134
284 1.01050474945687 1.01045948107911
285 1.01050474946915 1.01045948105455
286 1.01050152336596 1.01045948109525
287 1.01050152339789 1.01045948107876
288 1.01050152339473 1.01045620641926
289 1.01050152338736 1.01045620643294
290 1.01050152339297 1.01045521427771
291 1.01050152339052 1.01045521429174
292 1.01050152339789 1.01044992819858
293 1.01050152337894 1.01044634368329
294 1.01049774300052 1.01043974778370
295 1.01049774298087 1.01043803651737
296 1.01049774297104 1.01043609173301
297 1.01049774298823 1.01043609174038
298 1.01049774298543 1.01043609173757
299 1.01049774297911 1.01043609176213
300 1.01049774298402 1.01043504442461
301 1.01049774298613 1.01043504441374
302 1.01049774298894 1.01043504443409
303 1.01049774299455 1.01043504440567
304 1.01049774299385 1.01043504441058
305 1.01049774298087 1.01043504444216
306 1.01049774297174 1.01043504443724
307 1.01049774298859 1.01043210310405
308 1.01049774298122 1.01043210309423
309 1.01049774299806 1.01043210308932
310 1.01049774299315 1.01043210309072
311 1.01049774299841 1.01043210309002
312 1.01049774300052 1.01043210308932
313 1.01049774299420 1.01043114209973
314 1.01049774298999 1.01043114209833
315 1.01049774299946 1.01042570510472
316 1.01049774297245 1.01042570510402
317 1.01049230491663 1.01042570511104
318 1.01049230490716 1.01042570510683
319 1.01048974342574 1.01042570508367
320 1.01048841614027 1.01042570508999
321 1.01048841613009 1.01042570507701
322 1.01048841613886 1.01042402364828
323 1.01048841613746 1.01042402366828
324 1.01048841613009 1.01042402364653
325 1.01048841612623 1.01042402365109
326 1.01048841613676 1.01042402366477
327 1.01048841612308 1.01042402365986
328 1.01048770210344 1.01042402367004
329 1.01048770209923 1.01042341101435
330 1.01048770209958 1.01042341100909
331 1.01048221654269 1.01042341102628
332 1.01048221656514 1.01042341099365
333 1.01048221656339 1.01042277221435
334 1.01048221653567 1.01042277221365
335 1.01048221656163 1.01042277221645
336 1.01048221655216 1.01042277221821
337 1.01048221657427 1.01042277221751
338 1.01048221656409 1.01042277221014
339 1.01048221654269 1.01042277220347
340 1.01048221654725 1.01042214546789
341 1.01048221654374 1.01042214547175
342 1.01048221653918 1.01042214544544
343 1.01048221655462 1.01042214544579
344 1.01048221654374 1.01042120037910
345 1.01048221655392 1.01042077701657
346 1.01048221654023 1.01041929863452
347 1.01047941522953 1.01041765106300
348 1.01047789391672 1.01041765107422
349 1.01047789393777 1.01041765106686
350 1.01047789394128 1.01041546045535
351 1.01047789394163 1.01041546046412
352 1.01047684008110 1.01041546045535
353 1.01047684008952 1.01041546044692
354 1.01047684008952 1.01041546044798
355 1.01047437289053 1.01041546043640
356 1.01047437288597 1.01041546043219
357 1.01047261224082 1.01041546044377
358 1.01047261225941 1.01041546044061
359 1.01047261226152 1.01041546044517
360 1.01047261226608 1.01041546044377
361 1.01047261227485 1.01041546043465
362 1.01047046323626 1.01041546044166
363 1.01047046323381 1.01041546043219
364 1.01047046322959 1.01041546043921
365 1.01047046324468 1.01041546044763
366 1.01047046324679 1.01041546045219
367 1.01046935289930 1.01041546044552
368 1.01046935288351 1.01041546044692
369 1.01046935289649 1.01041546043956
370 1.01046935289403 1.01041546043745
371 1.01046935289579 1.01041546044517
372 1.01046935289824 1.01041546044587
373 1.01046665787131 1.01041546043991
374 1.01046665783973 1.01041546044201
375 1.01046665786078 1.01041546045605
376 1.01046665786815 1.01041546044342
377 1.01046665785587 1.01041546043570
378 1.01046665784429 1.01041546045394
379 1.01046665785903 1.01041546044692
380 1.01046665785131 1.01041546045219
381 1.01046477109990 1.01041253943969
382 1.01046477110236 1.01041253940566
383 1.01046477109955 1.01041253941759
384 1.01046477109113 1.01041253943408
385 1.01046477111113 1.01041253942601
386 1.01046477110166 1.01040671449660
387 1.01045883074970 1.01040671450222
388 1.01045883077356 1.01040671450187
389 1.01045883076760 1.01040671450537
390 1.01045883076303 1.01040671447661
391 1.01045883074304 1.01040481585506
392 1.01045883074444 1.01040481586383
393 1.01045883075812 1.01040481584418
394 1.01045883076093 1.01040481585085
395 1.01045883076233 1.01040481586699
396 1.01045883077005 1.01040481584488
397 1.01045493053210 1.01040481584839
398 1.01045430455020 1.01040246974165
399 1.01045430453581 1.01040246975990
400 1.01045430455511 1.01040246975499
401 1.01045430454564 1.01040246974727
402 1.01045430454353 1.01040062934645
403 1.01045430454880 1.01040062936575
404 1.01045350289116 1.01040062936785
405 1.01045350287747 1.01040062938610
406 1.01045350288484 1.01040062939557
407 1.01045350287642 1.01040062938189
408 1.01045264900603 1.01040062935908
409 1.01045264900393 1.01039560127109
410 1.01045264899761 1.01039560123776
411 1.01045264900849 1.01039560123916
412 1.01045264899796 1.01039465145196
413 1.01045264900112 1.01039465145371
414 1.01045098665070 1.01039465145020
415 1.01045098663877 1.01039110653169
416 1.01045098664929 1.01039057876246
417 1.01045098664684 1.01039057875930
418 1.01045098663947 1.01039057878771
419 1.01045098662719 1.01039057876351
420 1.01045098663456 1.01039057876947
421 1.01045098664438 1.01039057876421
422 1.01045098665526 1.01039057876947
423 1.01045098662754 1.01039057875333
424 1.01045098667105 1.01039057876281
425 1.01045098664193 1.01039057876281
426 1.01044847908917 1.01038675603447
427 1.01044847911127 1.01038675602569
428 1.01044847909584 1.01038675605095
429 1.01044847910005 1.01038675604043
430 1.01044847907198 1.01038675603552
431 1.01044797733145 1.01038675603727
432 1.01044797731356 1.01038675604464
433 1.01044797733075 1.01038675606534
434 1.01044797730268 1.01038675601868
435 1.01044797731602 1.01038675602815
436 1.01044570529752 1.01038675604429
437 1.01044570528630 1.01038675605376
438 1.01044570527823 1.01038675605236
439 1.01044570528524 1.01038675605025
440 1.01044570528139 1.01038675604920
441 1.01044570530033 1.01038675603131
442 1.01044570527998 1.01038675603692
443 1.01044570526805 1.01038675605622
444 1.01044570529507 1.01038570987670
445 1.01044570529367 1.01038570986688
446 1.01044570529437 1.01038513748599
447 1.01044453906632 1.01038513749897
448 1.01044453906457 1.01038513748353
449 1.01044453907124 1.01038513749406
450 1.01044453906036 1.01038513749125
451 1.01044409730323 1.01038513748529
452 1.01044409730287 1.01038513750248
453 1.01044409728568 1.01038513750634
454 1.01044409728954 1.01038513749371
455 1.01044409729551 1.01038513749511
456 1.01044409729866 1.01038513750879
457 1.01044409728989 1.01038513748704
458 1.01044409729866 1.01038513749125
459 1.01044409729796 1.01038513746038
460 1.01044409728147 1.01038464167329
461 1.01044409729305 1.01038464168451
462 1.01044409729516 1.01038464168311
463 1.01044409730252 1.01038464168942
464 1.01044409727586 1.01038464166872
465 1.01044409726849 1.01038344999968
466 1.01044409729972 1.01038344996846
467 1.01043877808162 1.01038344997863
468 1.01043877807741 1.01038344997091
469 1.01043877808619 1.01038344997021
470 1.01043877806549 1.01038344998354
471 1.01043877807005 1.01038344998214
472 1.01043877807180 1.01038344996951
473 1.01043877809004 1.01038344997196
474 1.01043877807671 1.01038344998109
475 1.01043877806163 1.01038258673685
476 1.01043631098398 1.01038258673264
477 1.01043631101521 1.01038258675158
478 1.01043631100468 1.01038258673439
479 1.01043631098469 1.01038258672036
480 1.01043551387144 1.01038258673895
481 1.01043551385004 1.01038258671510
482 1.01043551385706 1.01038166926146
483 1.01043371208198 1.01038166928321
484 1.01043277654254 1.01038166924111
485 1.01043078628804 1.01038166927164
486 1.01043078628033 1.01038166926181
487 1.01043078628839 1.01038166926848
488 1.01043078628489 1.01038098776732
489 1.01043078629962 1.01038098776662
490 1.01043078628910 1.01038098774908
491 1.01043078629541 1.01037968233734
492 1.01043078632418 1.01037851997652
493 1.01043078630488 1.01037851997722
494 1.01043078626524 1.01037852000038
495 1.01043078629401 1.01037851999547
496 1.01043078631295 1.01037852002599
497 1.01043078628839 1.01037852000003
498 1.01043078628594 1.01037851999020
499 1.01043078629155 1.01037851998249
500 1.01043078627261 1.01037851998038
501 1.01042947517040 1.01037611213020
502 1.01042947517636 1.01037611212915
503 1.01042947517496 1.01037611216213
504 1.01042947517496 1.01037611212599
505 1.01042947517706 1.01037611211196
506 1.01042947518969 1.01037611215090
507 1.01042947517180 1.01037611213441
508 1.01042947517847 1.01037611213897
509 1.01042947515777 1.01037611212283
510 1.01042947516548 1.01037611213160
511 1.01042947516829 1.01037611214459
512 1.01042947518373 1.01037611213932
513 1.01042947516619 1.01037526603599
514 1.01042947516338 1.01037526602265
515 1.01042947518057 1.01037324457811
516 1.01042947516373 1.01037324456443
517 1.01042947516162 1.01037324457250
518 1.01042947518162 1.01037324455636
519 1.01042636682431 1.01037324456443
520 1.01042636679028 1.01037324457776
521 1.01042636679730 1.01037324456337
522 1.01042636679484 1.01037324457250
523 1.01042636680537 1.01037244936942
524 1.01042636680291 1.01037244936205
525 1.01042438796866 1.01037244934732
526 1.01042438797568 1.01037244934732
527 1.01041821075875 1.01036952995823
528 1.01041821074752 1.01036952990981
529 1.01041821076752 1.01036952994349
530 1.01041821077278 1.01036952994349
531 1.01041679495859 1.01036952993858
532 1.01041679493859 1.01036952992736
533 1.01041679494315 1.01036952994490
534 1.01041679496139 1.01036952992139
535 1.01041679494736 1.01036952993858
536 1.01041679496034 1.01036952992841
537 1.01041679497753 1.01036260301232
538 1.01041679494525 1.01036260299793
539 1.01041323922184 1.01036260298074
540 1.01041323921236 1.01036260296460
541 1.01041323923762 1.01036260296917
542 1.01041323921412 1.01036260298671
543 1.01041323920920 1.01036260297758
544 1.01041323921061 1.01036260300600
545 1.01041230902531 1.01036260298951
546 1.01041230901619 1.01036260297794
547 1.01041230901268 1.01036260300811
548 1.01041230899759 1.01036260299898
549 1.01040874062091 1.01036260301126
550 1.01040874062231 1.01036260300811
551 1.01040874063459 1.01036260300635
552 1.01040874060828 1.01036260299478
553 1.01040874062372 1.01036260301267
554 1.01040761898889 1.01036260300074
555 1.01040761896012 1.01036260298600
556 1.01040761897837 1.01036260299442
557 1.01040761900117 1.01036260300776
558 1.01040761898258 1.01036260299162
559 1.01040761900012 1.01036260299372
560 1.01040761900363 1.01036260299863
561 1.01040761896854 1.01036260300179
562 1.01040761898994 1.01036260301582
563 1.01040761895837 1.01036260298951
564 1.01040761897100 1.01036260300670
565 1.01040761898363 1.01036165120032
566 1.01040761897977 1.01036005715646
567 1.01040761896538 1.01036005713787
568 1.01040761897486 1.01036005713120
569 1.01040761900117 1.01036005710664
570 1.01040545638385 1.01036005714102
571 1.01040473865557 1.01036005713646
572 1.01040262458163 1.01036005715190
573 1.01040262457848 1.01036005714453
574 1.01040262458023 1.01036005712138
575 1.01040262457848 1.01035302430594
576 1.01040262459707 1.01035302430349
577 1.01040200832498 1.01035302430910
578 1.01040200830919 1.01035302429998
579 1.01040200831481 1.01035302428139
580 1.01040200833024 1.01035302428770
581 1.01039872940984 1.01035302431050
582 1.01039872942738 1.01035184724816
583 1.01039872942072 1.01035184723869
584 1.01039872939511 1.01035184724255
585 1.01039872941230 1.01035184725377
586 1.01039872939546 1.01035184722536
587 1.01039872941510 1.01035184726044
588 1.01039710658905 1.01035184723027
589 1.01039710659396 1.01035184722606
590 1.01039710659676 1.01035184724851
591 1.01039480365599 1.01035111341515
592 1.01039480364196 1.01035111341339
593 1.01039480364126 1.01034954193905
594 1.01039480363529 1.01034954196747
595 1.01039480364442 1.01034954194957
596 1.01039480364582 1.01034954196606
597 1.01039480364512 1.01034954196291
598 1.01039480364371 1.01034882162639
599 1.01039480365915 1.01034882161937
600 1.01039480364406 1.01034882163867
601 1.01039480365354 1.01034882162113
602 1.01039480361810 1.01034882161937
603 1.01038676467222 1.01034882162113
604 1.01038676467783 1.01034882160779
605 1.01038676467292 1.01034882161271
606 1.01038676467959 1.01034882162042
607 1.01038676469853 1.01034882161867
608 1.01038510949060 1.01034882162814
609 1.01038510950008 1.01034882161516
610 1.01038510948990 1.01034882162604
611 1.01038510950569 1.01034882162253
612 1.01038510950394 1.01034882163516
613 1.01038510947236 1.01034765849946
614 1.01038510949797 1.01034765847876
615 1.01038510947938 1.01034765849665
616 1.01038510949096 1.01034765847701
617 1.01038510949867 1.01034765849736
618 1.01038510950043 1.01034765848999
619 1.01038510951060 1.01034765851700
620 1.01038418241182 1.01034765850297
621 1.01037996109868 1.01034765851384
622 1.01037910307245 1.01034765850893
623 1.01037298250627 1.01034765848683
624 1.01037138571407 1.01034765848578
625 1.01037138572459 1.01034765850928
626 1.01037138571196 1.01034765849560
627 1.01037138568916 1.01034765850192
628 1.01037138569828 1.01034765847175
629 1.01037138570705 1.01034765849981
630 1.01036467931030 1.01034765851595
631 1.01036467929486 1.01034765849069
632 1.01036467929136 1.01034456107999
633 1.01036467930188 1.01034456106385
634 1.01036467929732 1.01034456106911
635 1.01036467929627 1.01034456107192
636 1.01036467929522 1.01034456107087
637 1.01036467927908 1.01034456106596
638 1.01036467930048 1.01034456106771
639 1.01036467930749 1.01034456107403
640 1.01036467928609 1.01034456106596
641 1.01036467930048 1.01034456108244
642 1.01036467928329 1.01034456108946
643 1.01036467930363 1.01034456107367
644 1.01036467932082 1.01034253378742
645 1.01036315764225 1.01033415854034
646 1.01036315763348 1.01033415853789
647 1.01036315765067 1.01033415853894
648 1.01036315764576 1.01033209157452
649 1.01036023064757 1.01033209156996
650 1.01036023063459 1.01033209155979
651 1.01036023063880 1.01033129891634
652 1.01036023062442 1.01033129889915
653 1.01036023060477 1.01033129891564
654 1.01036023062512 1.01033129891143
655 1.01035624116669 1.01032897413371
656 1.01035624114108 1.01032897415125
657 1.01034951191132 1.01032897414950
658 1.01034951189027 1.01032897412810
659 1.01034564071582 1.01032897414354
660 1.01034564070775 1.01032897414775
661 1.01034564071652 1.01032897415160
662 1.01034564070845 1.01032897412950
663 1.01034564069828 1.01032897413652
664 1.01034330325231 1.01032897413968
665 1.01034330327125 1.01032897416178
666 1.01034330328739 1.01032897413231
667 1.01034330327827 1.01032838912990
668 1.01034330328950 1.01032838911061
669 1.01034330326529 1.01032838913481
670 1.01034330327582 1.01032838911131
671 1.01033940366656 1.01032838913902
672 1.01033940364726 1.01032838912780
673 1.01033940365884 1.01032838911131
674 1.01033940366585 1.01032838911412
675 1.01033940367708 1.01032838912113
676 1.01033793256504 1.01032838912675
677 1.01033793253733 1.01032838913657
678 1.01033664703678 1.01032838909903
679 1.01033664703363 1.01032838914709
680 1.01033664702275 1.01032838909763
681 1.01033664702135 1.01032838912394
682 1.01033664703047 1.01032838913657
683 1.01033664700486 1.01032838912639
684 1.01033664702591 1.01032838912113
685 1.01033664701959 1.01032838912639
686 1.01033664704661 1.01032838910710
687 1.01033664703117 1.01032838912359
688 1.01033664704625 1.01032838910359
689 1.01033664702907 1.01032838913060
690 1.01033664703433 1.01032838912815
691 1.01033664701854 1.01032838913271
692 1.01033664702345 1.01032703565771
693 1.01033664701503 1.01032703565631
694 1.01033664704134 1.01032283371420
695 1.01033664702450 1.01032283369982
696 1.01033513135158 1.01032283371456
697 1.01033513134316 1.01032283370403
698 1.01033513135509 1.01031723026497
699 1.01033513136702 1.01031723025725
700 1.01033513136596 1.01031723027654
701 1.01033513135895 1.01031553015017
702 1.01033237374383 1.01031466612343
703 1.01033237372699 1.01031466614729
704 1.01033237374313 1.01031466613325
705 1.01033237373892 1.01030943629151
706 1.01033237373506 1.01030943629291
707 1.01033237373751 1.01030943630694
708 1.01033237372945 1.01030943626695
709 1.01033237374839 1.01030943628870
710 1.01033237373225 1.01030943628730
711 1.01033237374102 1.01030718048284
712 1.01033237374278 1.01030323120470
713 1.01033237372313 1.01030323119873
714 1.01033237372874 1.01030180554191
715 1.01033237374208 1.01029750270059
716 1.01033089812992 1.01029750272058
717 1.01033089814255 1.01029750271778
718 1.01033089814886 1.01029750273040
719 1.01033089814114 1.01029750272760
720 1.01033089815868 1.01029750269638
721 1.01033089815728 1.01029750272690
722 1.01033089814360 1.01029750274514
723 1.01033089815097 1.01029750272163
724 1.01033089815623 1.01029750273532
725 1.01033089813693 1.01029750273672
726 1.01033030751906 1.01029750271181
727 1.01033030753625 1.01029750272128
728 1.01033030751380 1.01029750272584
729 1.01033030752678 1.01029750273216
730 1.01033030751415 1.01029750271251
731 1.01032971220526 1.01029750272023
732 1.01032971221999 1.01029750271041
733 1.01032971221613 1.01029750271322
734 1.01032797167317 1.01029750271637
735 1.01032797167773 1.01029750271181
736 1.01032797168510 1.01029750271357
737 1.01032797167142 1.01029750272304
738 1.01032797168826 1.01029750272234
739 1.01032797167528 1.01029336247553
740 1.01032797167317 1.01029336249131
741 1.01032797169527 1.01029336248430
742 1.01032797168685 1.01029336248605
743 1.01032731957544 1.01029336248149
744 1.01032731957719 1.01029336249307
745 1.01032731954772 1.01029336246851
746 1.01032731957579 1.01029336249517
747 1.01032683777010 1.01029336246114
748 1.01032683775010 1.01029336246991
749 1.01032683776799 1.01029336248886
750 1.01032683774694 1.01029336248921
751 1.01032683775607 1.01029336249798
752 1.01032683776834 1.01029336247728
753 1.01032683776484 1.01029290585004
754 1.01032683776413 1.01029290582654
755 1.01032683775080 1.01029290582619
756 1.01032683775151 1.01029290581601
757 1.01032683775221 1.01029290583987
758 1.01032683776378 1.01029290584127
759 1.01032683775747 1.01029290582969
760 1.01032638255271 1.01029290582303
761 1.01032638255657 1.01029290583952
762 1.01032638255832 1.01029290581286
763 1.01032638254113 1.01029290583285
764 1.01032638257341 1.01029290583320
765 1.01032638258183 1.01029290581812
766 1.01032638257656 1.01029290583671
767 1.01031988602972 1.01029022684411
768 1.01031988602797 1.01029022681850
769 1.01031988601008 1.01029022685814
770 1.01031988600938 1.01028778445079
771 1.01031852123511 1.01028778446658
772 1.01031792966608 1.01028778445956
773 1.01031792965345 1.01028778445570
774 1.01031792966187 1.01028540802940
775 1.01031792965170 1.01028540801222
776 1.01031792966327 1.01028540802098
777 1.01031792967310 1.01028540802344
778 1.01031792966573 1.01028540801116
779 1.01031792965240 1.01028540800765
780 1.01031792965556 1.01028540801397
781 1.01031792969134 1.01028468946311
782 1.01031792964714 1.01028468944066
783 1.01031792966608 1.01028468946732
784 1.01031792964994 1.01028468946206
785 1.01031792966117 1.01028468946171
786 1.01031792964924 1.01028468944943
787 1.01031792964152 1.01028468944522
788 1.01031792965345 1.01028468945329
789 1.01031599734789 1.01028468943855
790 1.01031599735596 1.01028468943189
791 1.01031357309721 1.01028468943891
792 1.01031357308353 1.01028468945434
793 1.01031357311440 1.01028200419698
794 1.01031357308984 1.01028200418680
795 1.01031357308388 1.01028200417944
796 1.01031357311615 1.01028200420154
797 1.01031357310002 1.01028200419452
798 1.01031357310423 1.01028200420960
799 1.01031357308984 1.01028200419978
800 1.01031357309791 1.01028200420469
801 1.01031357309125 1.01028200418926
802 1.01031357309686 1.01028150199469
803 1.01031357308318 1.01028150199328
804 1.01030881708988 1.01028150200135
805 1.01030881708673 1.01028150200556
806 1.01030881709690 1.01028150199363
807 1.01030881709725 1.01028150200275
808 1.01030881708708 1.01028150200591
809 1.01030881708322 1.01028150200556
810 1.01030789126085 1.01028150201363
811 1.01030789123699 1.01027797556415
812 1.01030789125418 1.01027580731104
813 1.01030522143877 1.01027580731665
814 1.01030522141632 1.01027580732402
815 1.01030522141492 1.01027580732086
816 1.01030281620554 1.01027580731806
817 1.01030281622448 1.01027580732437
818 1.01030281622554 1.01027580729631
819 1.01030281624097 1.01027580732121
820 1.01030281621571 1.01027580731314
821 1.01030281622098 1.01027580731174
822 1.01030281621045 1.01027580730262
823 1.01030281622904 1.01027580731665
824 1.01030281620975 1.01027580732577
825 1.01030281621536 1.01027580729455
826 1.01030281622308 1.01027580731560
827 1.01030281621501 1.01027580730052
828 1.01030281621887 1.01027580732472
829 1.01030281621221 1.01027580732542
830 1.01030281623396 1.01027580731350
831 1.01030281622484 1.01027580732823
832 1.01029926233763 1.01027580731911
833 1.01029926235973 1.01027580731630
834 1.01029926237131 1.01027580731560
835 1.01029926235236 1.01027580731069
836 1.01029926234570 1.01027580731525
837 1.01029926236885 1.01027580731034
838 1.01029926234780 1.01027580729385
839 1.01029926237271 1.01027580731174
840 1.01029926237762 1.01027580731770
841 1.01029926235728 1.01027580729771
842 1.01029926236780 1.01027436039717
843 1.01029926235096 1.01027436040419
844 1.01029926236289 1.01027436040559
845 1.01029926237271 1.01027436039156
846 1.01029926235763 1.01027436038980
847 1.01029926235973 1.01027436041576
848 1.01029926235377 1.01027436037437
849 1.01029867523676 1.01027436039822
850 1.01029867525430 1.01027436040769
851 1.01029867524238 1.01027218289485
852 1.01029867525921 1.01027174761041
853 1.01029867525886 1.01027174761707
854 1.01029867525325 1.01027174762549
855 1.01029867524238 1.01027174762374
856 1.01029867524729 1.01027174762374
857 1.01029867524483 1.01027174761918
858 1.01029867523641 1.01027174762268
859 1.01029410835855 1.01027174762093
860 1.01029410839574 1.01027174760093
861 1.01029410838030 1.01027174762374
862 1.01029410838206 1.01027174762303
863 1.01029410837469 1.01027041102072
864 1.01029410836627 1.01027041103405
865 1.01029410835750 1.01026998460391
866 1.01029410836346 1.01026998459899
867 1.01029410835504 1.01026998460355
868 1.01029177022708 1.01026998461794
869 1.01029177021024 1.01026998460847
870 1.01029177023936 1.01026998459689
871 1.01029177022252 1.01026998460250
872 1.01029177021901 1.01026998459128
873 1.01029177019972 1.01026998459408
874 1.01029177021305 1.01026998460882
875 1.01029177021866 1.01026998459022
876 1.01029177021656 1.01026998460250
877 1.01029177021515 1.01026998461548
878 1.01029177022112 1.01026998459549
879 1.01029177021901 1.01026998461513
880 1.01029177022989 1.01026998461794
881 1.01029177022989 1.01026998461688
882 1.01029177022357 1.01026998461232
883 1.01029177020884 1.01026998461548
884 1.01029177022533 1.01026998461443
885 1.01029177021445 1.01026998460496
886 1.01029177022462 1.01026998459549
887 1.01029177023164 1.01026998460180
888 1.01029177020568 1.01026998458812
889 1.01029177019831 1.01026998459864
890 1.01029177022217 1.01026998459899
891 1.01029177021270 1.01026998460285
892 1.01029177021094 1.01026998461022
893 1.01029177023830 1.01026998460355
894 1.01029177021831 1.01026998460075
895 1.01029177022427 1.01026998460776
896 1.01029177021375 1.01026998458847
897 1.01029033062793 1.01026998461303
898 1.01029033063635 1.01026998459935
899 1.01029033063284 1.01026998459654
900 1.01029033062618 1.01026998460741
901 1.01029033062933 1.01026998458952
902 1.01029033063740 1.01026998459373
903 1.01029033064828 1.01026998459022
904 1.01029033064231 1.01026998459899
905 1.01029033064091 1.01026998460636
906 1.01029033064372 1.01026998460005
907 1.01029033064898 1.01026998459619
908 1.01029033063214 1.01026998458356
909 1.01028779195043 1.01026998461478
910 1.01028779194657 1.01026998460566
911 1.01028779196235 1.01026998461969
912 1.01028216915184 1.01026998459619
913 1.01028130860929 1.01026998460706
914 1.01028130861139 1.01026998458847
915 1.01028130858719 1.01026998460391
916 1.01028130861209 1.01026998459689
917 1.01028130860437 1.01026998461022
918 1.01028130861174 1.01026998459303
919 1.01028130860999 1.01026998460040
920 1.01028130861385 1.01026998461548
921 1.01028130862542 1.01026998460812
922 1.01028130860788 1.01026998462776
923 1.01028130861350 1.01026998460496
924 1.01028130862577 1.01026998461162
925 1.01027851751213 1.01026998462951
926 1.01027851752511 1.01026998459654
927 1.01027851750581 1.01026998460496
928 1.01027851752440 1.01026998460776
929 1.01027851749248 1.01026998459619
930 1.01027851749845 1.01026998460110
931 1.01027851750546 1.01026998459549
932 1.01027793065799 1.01026828924320
933 1.01027793064221 1.01026828923864
934 1.01027793067483 1.01026828922110
935 1.01027793066466 1.01026828925127
936 1.01027793067518 1.01026828923058
937 1.01027793065519 1.01026828924461
938 1.01027793065975 1.01026828926951
939 1.01027793065098 1.01026828924110
940 1.01027793066992 1.01026699946642
941 1.01027793064326 1.01026699946502
942 1.01027793066782 1.01026699949098
943 1.01027793068255 1.01026699947519
944 1.01027793066361 1.01026699948046
945 1.01027793066150 1.01026699948642
946 1.01027518006150 1.01026699948607
947 1.01027518005694 1.01026699946327
948 1.01027518005238 1.01026699947134
949 1.01027354622581 1.01026699948502
950 1.01027354624440 1.01026699946818
951 1.01027354624335 1.01026699945660
952 1.01027354622932 1.01026646694360
953 1.01027354624160 1.01026646692115
954 1.01027354623984 1.01026646692852
955 1.01027354623283 1.01026529754155
956 1.01027354623493 1.01026529757663
957 1.01027354624545 1.01026529757207
958 1.01027354625001 1.01026529753559
959 1.01027354623598 1.01026529753734
960 1.01027354626019 1.01026529755944
961 1.01027354625422 1.01026529755067
962 1.01027354624160 1.01026529757488
963 1.01027354624686 1.01026529754506
964 1.01027354625598 1.01026529752506
965 1.01027354624054 1.01026529757172
966 1.01027354622581 1.01026529753629
967 1.01027354624580 1.01026529754576
968 1.01027354625177 1.01026529754401
969 1.01027354624054 1.01026529753734
970 1.01027354625107 1.01026529755839
971 1.01027354623283 1.01026529753383
972 1.01027354625949 1.01026529755418
973 1.01027245695612 1.01026529755243
974 1.01027195750456 1.01026529756049
975 1.01027195750315 1.01026529754506
976 1.01027195750806 1.01026529755172
977 1.01027195749052 1.01026529753208
978 1.01027195750912 1.01026529754260
979 1.01027195751017 1.01026529755488
980 1.01027195750350 1.01026529754752
981 1.01027195748947 1.01026529753559
982 1.01027195749859 1.01026529757663
983 1.01027195750140 1.01026529756505
984 1.01027195749894 1.01026529755699
985 1.01027195749228 1.01026529753734
986 1.01027195749859 1.01026529756014
987 1.01027195750947 1.01026529756786
988 1.01026950054965 1.01026529756260
989 1.01026950057736 1.01026529753804
990 1.01026950057245 1.01026529754436
991 1.01026950056227 1.01026529755874
992 1.01026950055315 1.01026529753033
993 1.01026950057069 1.01026529753945
994 1.01026950055386 1.01026529755523
995 1.01026774684784 1.01026529754857
996 1.01026774685802 1.01026529756435
997 1.01026774686609 1.01026529756085
998 1.01026774685556 1.01026529756891
999 1.01026774688994 1.01026529755558
1000 1.01026774686994 1.01026529756190
1001 1.01026774686924 1.01026529755804
1002 1.01026774687591 1.01026529755523
1003 1.01026774686363 1.01026529756190
1004 1.01026774685837 1.01026021281474
1005 1.01026774686679 1.01026021283298
1006 1.01026774686012 1.01025642072947
1007 1.01026774685767 1.01025642073438
1008 1.01026697443425 1.01025642071824
1009 1.01026697446197 1.01025642073964
1010 1.01026697442268 1.01025642073824
1011 1.01026697443566 1.01025642073087
1012 1.01026697443671 1.01025642072982
1013 1.01026697442338 1.01025642071964
1014 1.01026697442198 1.01025642072070
1015 1.01026697443355 1.01025642072806
1016 1.01026697442198 1.01025642073683
1017 1.01026697442689 1.01025642072982
1018 1.01026697444828 1.01025642072947
1019 1.01026697442899 1.01025642073438
1020 1.01026697443355 1.01025642071158
1021 1.01026697444934 1.01025642073227
1022 1.01026697444653 1.01025642071263
1023 1.01026697442689 1.01025642071929
1024 1.01026697443881 1.01025642073438
1025 1.01026697444267 1.01025642073718
1026 1.01026697442689 1.01025642074034
1027 1.01026697443180 1.01025642074806
1028 1.01026697444548 1.01025642073648
1029 1.01026697444443 1.01025642073332
1030 1.01026697445320 1.01025642073368
1031 1.01026697443039 1.01025642073648
1032 1.01026697444057 1.01025642072912
1033 1.01026697444758 1.01025642072666
1034 1.01026697442408 1.01025642072420
1035 1.01026697443004 1.01025642072841
1036 1.01026697444337 1.01025642072035
1037 1.01026697442198 1.01025642072947
1038 1.01026697443215 1.01025642073473
1039 1.01026697442724 1.01025642071087
1040 1.01026697441882 1.01025642072245
1041 1.01026697442829 1.01025642071333
1042 1.01026697443601 1.01025642073718
1043 1.01026697444092 1.01025383998187
1044 1.01026697443531 1.01025383998257
1045 1.01026697444127 1.01025383999029
1046 1.01026697443110 1.01025383998433
1047 1.01026697442303 1.01025383998748
1048 1.01026697443215 1.01025383998433
1049 1.01026697445249 1.01025383998959
1050 1.01026697442373 1.01025383999310
1051 1.01026697443250 1.01025384001590
1052 1.01026697443601 1.01025383999625
1053 1.01026697441286 1.01025384000046
1054 1.01026697445004 1.01025383998959
1055 1.01026697442408 1.01025009566185
1056 1.01026697441987 1.01025009565975
1057 1.01026697443110 1.01025009563695
1058 1.01026697443531 1.01025009566150
1059 1.01026697442198 1.01025009565975
1060 1.01026697445179 1.01025009564572
1061 1.01026697443671 1.01025009564993
1062 1.01026697443425 1.01025009566115
1063 1.01026697443566 1.01025009566255
1064 1.01026563027985 1.01025009565799
1065 1.01026563025144 1.01025009565414
1066 1.01026425858666 1.01025009566150
1067 1.01026425857719 1.01025009565624
1068 1.01026425857543 1.01025009567097
1069 1.01026425857754 1.01025009566466
1070 1.01026425856912 1.01025009566571
1071 1.01026425857438 1.01025009566676
1072 1.01026425858596 1.01025009567729
1073 1.01026425859858 1.01025009564081
1074 1.01026425857719 1.01025009567448
1075 1.01026425857859 1.01025009565414
1076 1.01026425857929 1.01024737456565
1077 1.01026425858350 1.01024737453479
1078 1.01026099172286 1.01024737455092
1079 1.01026099173934 1.01024737454952
1080 1.01026099174741 1.01024737456811
1081 1.01026099175548 1.01024737456636
1082 1.01026099172777 1.01024737456215
1083 1.01026099172882 1.01024737452917
1084 1.01026099171584 1.01024737455443
1085 1.01026099173092 1.01024737455092
1086 1.01026099171233 1.01024737455338
1087 1.01026099172952 1.01024737457021
1088 1.01026099172145 1.01024737455969
1089 1.01026099173584 1.01024737454917
1090 1.01026099171689 1.01024737456180
1091 1.01026099173619 1.01024737456320
1092 1.01026099173759 1.01024737456530
1093 1.01026099175864 1.01024737454601
1094 1.01026099171128 1.01024737455759
1095 1.01026099174250 1.01024737454075
1096 1.01026099173689 1.01024737455092
1097 1.01025856971834 1.01024737454882
1098 1.01025856971238 1.01024737456741
1099 1.01025856972886 1.01024737455092
1100 1.01025856972430 1.01024737454180
1101 1.01025796335817 1.01024737456776
1102 1.01025796334133 1.01024737454706
1103 1.01025796334484 1.01024737453759
1104 1.01025796336414 1.01024624329514
1105 1.01025796334344 1.01024624328110
1106 1.01025796335887 1.01024624328426
1107 1.01025796333888 1.01024624328251
1108 1.01025796334940 1.01024624329724
1109 1.01025738388139 1.01024624330215
1110 1.01025738388630 1.01024624329549
1111 1.01025738388630 1.01024624328847
1112 1.01025738389437 1.01024624329303
1113 1.01025738390875 1.01024624331092
1114 1.01025738388595 1.01024624328391
1115 1.01025738387472 1.01024624327725
1116 1.01025738388244 1.01024624327058
1117 1.01025738390243 1.01024624328742
1118 1.01025738389016 1.01024624328531
1119 1.01025738388384 1.01024624328075
1120 1.01025738388139 1.01024624327584
1121 1.01025363332430 1.01024624328110
1122 1.01025363332254 1.01024624329514
1123 1.01025363331728 1.01024624329128
1124 1.01025363330956 1.01024624327654
1125 1.01025363330921 1.01024624329128
1126 1.01025363331553 1.01024483531944
1127 1.01025363332325 1.01024483529593
1128 1.01025363332991 1.01024483529628
1129 1.01025363331693 1.01024483529804
1130 1.01025363329869 1.01024483529172
1131 1.01025363330781 1.01024483531347
1132 1.01025363331202 1.01024483529067
1133 1.01025159647718 1.01024483528822
1134 1.01025159648490 1.01024483529628
1135 1.01025159646876 1.01024483530295
1136 1.01025084035957 1.01024483529453
1137 1.01025084035886 1.01024483528681
1138 1.01025084033361 1.01024483530365
1139 1.01025084033922 1.01024483529348
1140 1.01025084033992 1.01024483530786
1141 1.01025084034238 1.01024483530155
1142 1.01025084034694 1.01024483530470
1143 1.01025084035185 1.01024483528892
1144 1.01025084034308 1.01024483529207
1145 1.01024715891048 1.01024483530470
1146 1.01024715891925 1.01024483528716
1147 1.01024715892837 1.01024483529874
1148 1.01024715891925 1.01024483530190
1149 1.01024715890943 1.01024483529663
1150 1.01024715891610 1.01024483528716
1151 1.01024715890242 1.01024483531102
1152 1.01024715891013 1.01024483530646
1153 1.01024715891890 1.01024483529383
1154 1.01024715890417 1.01024483529278
1155 1.01024715891329 1.01024483531944
1156 1.01024715891785 1.01024483529874
1157 1.01024715890592 1.01024483530926
1158 1.01024715890031 1.01024483529909
1159 1.01024715892627 1.01024231329336
1160 1.01024715891610 1.01024231327371
1161 1.01024715891224 1.01024231326179
1162 1.01024715892241 1.01024231327301
1163 1.01024715891189 1.01024231329862
1164 1.01024715890312 1.01024231325477
1165 1.01024715889891 1.01024231326600
1166 1.01024715889891 1.01024231327897
1167 1.01024715891961 1.01024231327336
1168 1.01024715891610 1.01024231325723
1169 1.01024715891750 1.01024231326003
1170 1.01024715891575 1.01024231325161
1171 1.01024715890908 1.01024231327722
1172 1.01024715890277 1.01024231326950
1173 1.01024715890066 1.01024231327126
1174 1.01024715890943 1.01024231326038
1175 1.01024715892662 1.01024231327301
1176 1.01024347274036 1.01024231327231
1177 1.01024347272211 1.01024231329616
1178 1.01023812252754 1.01024231329090
1179 1.01023812254157 1.01024231326880
1180 1.01023812255946 1.01024231327933
1181 1.01023812255911 1.01024231325968
1182 1.01023812253561 1.01024231328424
1183 1.01023812253736 1.01024231327687
1184 1.01023812254999 1.01024231327477
1185 1.01023812255034 1.01024231326108
1186 1.01023812253982 1.01024231327336
1187 1.01023812254964 1.01024231327512
1188 1.01023812255139 1.01024231326915
1189 1.01023812255806 1.01024231326635
1190 1.01023812256332 1.01024231327827
1191 1.01023812253350 1.01024231326354
1192 1.01023812253000 1.01024231325372
1193 1.01023812255350 1.01024231328950
1194 1.01023812253806 1.01024231327582
1195 1.01023812253666 1.01024231329266
1196 1.01023812253385 1.01024231329195
1197 1.01023812254227 1.01024231325688
1198 1.01023631493008 1.01024231327968
1199 1.01023631493254 1.01024231325547
1200 1.01023631493745 1.01024231327722
1201 1.01023631494481 1.01024231328353
1202 1.01023631494306 1.01024231326565
1203 1.01023631493920 1.01024231327617
1204 1.01023631494832 1.01024231326635
1205 1.01023490136352 1.01024231327021
1206 1.01023490135861 1.01024231328669
1207 1.01023490135685 1.01024231326845
1208 1.01023490135650 1.01024231327617
1209 1.01023490137159 1.01024231327687
1210 1.01023490135334 1.01024231326108
1211 1.01023490136001 1.01024231328704
1212 1.01023490137018 1.01024231326740
1213 1.01023490135510 1.01024231327897
1214 1.01023490136387 1.01024231326915
1215 1.01023490135615 1.01024231328003
1216 1.01023490136352 1.01024231326214
1217 1.01023363565398 1.01024231325652
1218 1.01023363565889 1.01024117769850
1219 1.01023363567854 1.01024117770516
1220 1.01023363567082 1.01024117772376
1221 1.01023363565994 1.01024117771043
1222 1.01023363566240 1.01024117772341
1223 1.01023363563890 1.01024117772235
1224 1.01023363565153 1.01024117773077
1225 1.01023363565784 1.01024117771253
1226 1.01023363566486 1.01024117772130
1227 1.01023363567117 1.01024117770201
1228 1.01023363568099 1.01024117771744
1229 1.01023282095560 1.01024117772341
1230 1.01023282095560 1.01024117772200
1231 1.01023282094683 1.01024117774059
1232 1.01023282094789 1.01024117772270
1233 1.01023282097981 1.01024117772691
1234 1.01023282095595 1.01024117773393
1235 1.01023282095385 1.01024117772972
1236 1.01023282095210 1.01023910862847
1237 1.01023282095104 1.01023910863513
1238 1.01023282094894 1.01023910862356
1239 1.01023282095420 1.01023910862145
1240 1.01023282095701 1.01023910863057
1241 1.01023282096227 1.01023910861795
1242 1.01023282094999 1.01023910861935
1243 1.01023282095981 1.01023910861128
1244 1.01023282095174 1.01023910861058
1245 1.01023223026914 1.01023910861549
1246 1.01022703226060 1.01023910861374
1247 1.01022703224482 1.01023910861374
1248 1.01022703223289 1.01023910860602
1249 1.01022703225078 1.01023910860286
1250 1.01022703225254 1.01023910862566
1251 1.01022703225569 1.01023910861198
1252 1.01022703226551 1.01023839337522
1253 1.01022703224762 1.01023839335874
1254 1.01022703224587 1.01023839334120
1255 1.01022703227183 1.01023839337172
1256 1.01022603921669 1.01023839337312
1257 1.01022603922300 1.01023839336716
1258 1.01022603923282 1.01023839337943
1259 1.01022603924966 1.01023839337347
1260 1.01022603924335 1.01023839336926
1261 1.01022603924159 1.01023839336645
1262 1.01022603922861 1.01023839335593
1263 1.01022603924791 1.01023839334927
1264 1.01022603923177 1.01023839335558
1265 1.01022603923037 1.01023839337838
1266 1.01022382608852 1.01023796286012
1267 1.01022382608992 1.01023796288994
1268 1.01022382609132 1.01023796288187
1269 1.01022382608641 1.01023796288046
1270 1.01022382608220 1.01023796287626
1271 1.01022382607448 1.01023796290958
1272 1.01022382608185 1.01023796286678
1273 1.01022382608045 1.01023796286608
1274 1.01022382607063 1.01023796286258
1275 1.01022382609343 1.01023796286293
1276 1.01022382610956 1.01023796288923
1277 1.01022203231037 1.01023796287415
1278 1.01022203232265 1.01023796289204
1279 1.01022203231143 1.01023796287240
1280 1.01022203232791 1.01023796288748
1281 1.01022203231072 1.01023669729057
1282 1.01022203230125 1.01023669729618
1283 1.01022203229213 1.01023669731161
1284 1.01022203232861 1.01023669728846
1285 1.01022203229704 1.01023669728671
1286 1.01022203231669 1.01023669730319
1287 1.01022203230546 1.01023669729407
1288 1.01021867529202 1.01023669730705
1289 1.01021867530464 1.01023669729197
1290 1.01021867530324 1.01023669730916
1291 1.01021451562697 1.01023669730670
1292 1.01021451562381 1.01023669729583
1293 1.01021451561048 1.01023669729372
1294 1.01021451560908 1.01023669729548
1295 1.01021451562732 1.01023669731056
1296 1.01021451562556 1.01023669728846
1297 1.01021451562977 1.01023669731617
1298 1.01021451563258 1.01023669730354
1299 1.01021451561013 1.01023669730600
1300 1.01021451560732 1.01023669730670
1301 1.01021451562030 1.01023669730846
1302 1.01021451561855 1.01023669728846
1303 1.01021451562521 1.01023669730986
1304 1.01021451560627 1.01023669729863
1305 1.01021329850582 1.01023669729337
1306 1.01021329850687 1.01023669731512
1307 1.01021329852336 1.01023669731582
1308 1.01021329852266 1.01023669730319
1309 1.01021329853598 1.01023669729969
1310 1.01021329851564 1.01023669732214
1311 1.01021329853037 1.01023669732143
1312 1.01021329851143 1.01023669731898
1313 1.01021329852651 1.01023669729092
1314 1.01021329853458 1.01023669729057
1315 1.01021329852827 1.01023669729267
1316 1.01021329853107 1.01023669730179
1317 1.01021329852055 1.01023669729828
1318 1.01021329853037 1.01023669731337
1319 1.01021329850827 1.01023669730074
1320 1.01021329852897 1.01023669731442
1321 1.01021329851038 1.01023669731687
1322 1.01021329850617 1.01023669729548
1323 1.01021329851424 1.01023596669677
1324 1.01021329852125 1.01023596669782
1325 1.01021329852757 1.01023596670484
1326 1.01020790827915 1.01023596670344
1327 1.01020790828091 1.01023596669432
1328 1.01020790827880 1.01023596669502
1329 1.01020790827705 1.01023596670063
1330 1.01020790830371 1.01023596669958
1331 1.01020790827950 1.01023596670940
1332 1.01020790828687 1.01023596669817
1333 1.01020790827354 1.01023596668555
1334 1.01020790828652 1.01022994425404
1335 1.01020790830230 1.01022994426842
1336 1.01020790826863 1.01022994428491
1337 1.01020790828406 1.01022994428351
1338 1.01020790829108 1.01022994428772
1339 1.01020790828196 1.01022874920394
1340 1.01020790830827 1.01022874923481
1341 1.01020790829143 1.01022874922569
1342 1.01020790829459 1.01022874922569
1343 1.01020790830265 1.01022874920955
1344 1.01020790828091 1.01022874921972
1345 1.01020790828055 1.01022874921060
1346 1.01020790828336 1.01022874922183
1347 1.01020790828196 1.01022874920394
1348 1.01020790828582 1.01022874921867
1349 1.01020790828196 1.01022874921446
1350 1.01020790828020 1.01022874922498
1351 1.01020790828932 1.01022874923375
1352 1.01020790827985 1.01022626173163
1353 1.01020790829213 1.01022626174250
1354 1.01020790829108 1.01022626174145
1355 1.01020790827424 1.01022626175127
1356 1.01020790828897 1.01022626174601
1357 1.01020790827985 1.01022626173899
1358 1.01020790826442 1.01022626174215
1359 1.01020790829213 1.01022626175583
1360 1.01020790827529 1.01022553671424
1361 1.01020790828862 1.01022553671039
1362 1.01020790827424 1.01022553669565
1363 1.01020790827214 1.01022553671705
1364 1.01020790828757 1.01022553671004
1365 1.01020790829038 1.01022553669530
1366 1.01020790827599 1.01022422865577
1367 1.01020790829739 1.01022422865192
1368 1.01020790828266 1.01022422865192
1369 1.01020790828406 1.01022422865192
1370 1.01020790828511 1.01022422867401
1371 1.01020790826512 1.01022422867717
1372 1.01020790828827 1.01022422865928
1373 1.01020790829073 1.01022422867156
1374 1.01020790827915 1.01022422868489
1375 1.01020790828687 1.01022422867121
1376 1.01020790829739 1.01022422868208
1377 1.01020790826161 1.01022422865718
1378 1.01020790826231 1.01022422867226
1379 1.01020790829143 1.01022422865858
1380 1.01020790826933 1.01022422865157
1381 1.01020790828231 1.01022422866805
1382 1.01020790827705 1.01022422867296
1383 1.01020790829494 1.01022422865262
1384 1.01020790828722 1.01022422867542
1385 1.01020790828336 1.01022422867051
1386 1.01020790827108 1.01022422866069
1387 1.01020790827003 1.01022422867016
1388 1.01020790829774 1.01022422867998
1389 1.01020790828897 1.01022422865963
1390 1.01020790830371 1.01022422868033
1391 1.01020790827529 1.01022422867191
1392 1.01020790827985 1.01022422869120
1393 1.01020790828231 1.01022422866454
1394 1.01020790828161 1.01022422867191
1395 1.01020790826512 1.01022422866419
1396 1.01020790826898 1.01022422864315
1397 1.01020790828231 1.01022422865262
1398 1.01020790829178 1.01022422865437
1399 1.01020790828055 1.01022422867542
1400 1.01020790827950 1.01022422867296
1401 1.01020790827810 1.01022082942428
1402 1.01020790829073 1.01022082944217
1403 1.01020790829774 1.01022082944147
1404 1.01020790828371 1.01022082944322
1405 1.01020183419016 1.01022082943516
1406 1.01020183418069 1.01022082942113
1407 1.01020183417998 1.01022082940604
1408 1.01020183418630 1.01022082941832
1409 1.01020183417472 1.01022082944357
1410 1.01020183417332 1.01022082941481
1411 1.01020183418595 1.01022082943305
1412 1.01020183417192 1.01022082943972
1413 1.01020183417893 1.01022082942533
1414 1.01020183416595 1.01021685501079
1415 1.01020183417332 1.01021685504902
1416 1.01020183417122 1.01021685504131
1417 1.01020183418279 1.01021685502096
1418 1.01020183416666 1.01021685502272
1419 1.01020183416736 1.01021685503219
1420 1.01020183418384 1.01021685502307
1421 1.01020183417227 1.01021685500658
1422 1.01020183417998 1.01021685501254
1423 1.01020183416104 1.01021685500272
1424 1.01020183418630 1.01021685502868
1425 1.01020183418069 1.01021685505043
1426 1.01020183418630 1.01021685502342
1427 1.01020183418209 1.01021685501254
1428 1.01020183416315 1.01021685500693
1429 1.01020183417893 1.01021685500623
1430 1.01020183416666 1.01021685502798
1431 1.01020183418945 1.01021685503008
1432 1.01020183416946 1.01021458455096
1433 1.01020183417192 1.01021458455868
1434 1.01020183417086 1.01021458457481
1435 1.01020183417998 1.01021458457095
1436 1.01020183417297 1.01021458454500
1437 1.01020183418595 1.01021458455692
1438 1.01020183417963 1.01021458455657
1439 1.01020183417157 1.01021458456710
1440 1.01020183416771 1.01021458455973
1441 1.01020183419963 1.01021458455447
1442 1.01020183418630 1.01021458455938
1443 1.01020183416525 1.01021458455131
1444 1.01020090229097 1.01021458457692
1445 1.01020090228045 1.01021458456604
1446 1.01020090225344 1.01021458455096
1447 1.01020090224993 1.01021458456534
1448 1.01020090226536 1.01021458456113
1449 1.01020090226361 1.01021458457236
1450 1.01020090226712 1.01021458456429
1451 1.01020090226361 1.01021458455517
1452 1.01020090227027 1.01021458456745
1453 1.01020090224116 1.01021458455587
1454 1.01020090225379 1.01021458455938
1455 1.01020090226221 1.01021458456394
1456 1.01020090227975 1.01021458458358
1457 1.01020090225449 1.01021458455447
1458 1.01019964775903 1.01021458455692
1459 1.01019964775657 1.01021458455727
1460 1.01019964776183 1.01021458455342
1461 1.01019964775517 1.01021458454430
1462 1.01019964775903 1.01021458456885
1463 1.01019964778183 1.01021458456534
1464 1.01019964777972 1.01021458455692
1465 1.01019964775973 1.01021458457166
1466 1.01019964777762 1.01021458455762
1467 1.01019964775797 1.01021458456289
1468 1.01019964775762 1.01021458454359
1469 1.01019964775061 1.01021458454956
1470 1.01019964775341 1.01021458457622
1471 1.01019964776885 1.01021458455657
1472 1.01019964776113 1.01021458455061
1473 1.01019964775657 1.01021458456885
1474 1.01019964776078 1.01021458456850
1475 1.01019964775131 1.01021458455622
1476 1.01019964776604 1.01021348979183
1477 1.01019964776183 1.01021348977429
1478 1.01019503613625 1.01021348978341
1479 1.01019503613801 1.01021348977534
1480 1.01019503611170 1.01021348977464
1481 1.01019503613134 1.01021348978060
1482 1.01019503611556 1.01021348977780
1483 1.01019503615099 1.01021348978201
1484 1.01019503612503 1.01021348979604
1485 1.01019503613906 1.01021348977429
1486 1.01019322135898 1.01021348978025
1487 1.01019322137932 1.01021348977955
1488 1.01019263978039 1.01021348977815
1489 1.01019263975934 1.01021348978797
1490 1.01019263975864 1.01021147412293
1491 1.01019263977337 1.01021147411136
1492 1.01019263979442 1.01021147410048
1493 1.01019263976215 1.01021147411136
1494 1.01019010749158 1.01021147412328
1495 1.01019010751999 1.01021147412819
1496 1.01019010750631 1.01021147412644
1497 1.01019010753928 1.01021147410785
1498 1.01019010752455 1.01020987499521
1499 1.01019010752175 1.01020987498329
1500 1.01019010751157 1.01020987498364
1501 1.01019010751894 1.01020738470151
1502 1.01019010753648 1.01020738470852
1503 1.01019010751087 1.01020738468432
1504 1.01019010754244 1.01020738469449
1505 1.01019010753648 1.01020738472396
1506 1.01019010752069 1.01020600522042
1507 1.01019010752210 1.01020600524638
1508 1.01019010751543 1.01020600522007
1509 1.01019010750701 1.01020600524357
1510 1.01019010752210 1.01020600523375
1511 1.01019010751473 1.01020600523305
1512 1.01019010751929 1.01020600524567
1513 1.01019010751683 1.01020600522007
1514 1.01019010751789 1.01020600522989
1515 1.01019010751052 1.01020600522673
1516 1.01019010752175 1.01020600522989
1517 1.01019010753718 1.01020600522323
1518 1.01019010750982 1.01020600520955
1519 1.01019010752280 1.01020459803706
1520 1.01018949315553 1.01020459804968
1521 1.01018949313378 1.01020459804933
1522 1.01018949316850 1.01020459803179
1523 1.01018949314886 1.01020459805319
1524 1.01018949316184 1.01020459804091
1525 1.01018949314886 1.01020459803811
1526 1.01018949315588 1.01020459805214
1527 1.01018949314886 1.01020459803600
1528 1.01018949315974 1.01020459805740
1529 1.01018949315833 1.01020459804688
1530 1.01018949316079 1.01020459804898
1531 1.01018949314500 1.01020459803530
1532 1.01018949315307 1.01020459803916
1533 1.01018949316465 1.01020459803635
1534 1.01018949315167 1.01020459804653
1535 1.01018949314115 1.01020459805389
1536 1.01018949314115 1.01020216524703
1537 1.01018949316079 1.01020216521862
1538 1.01018949315974 1.01020216523195
1539 1.01018949315728 1.01020216522318
1540 1.01018949315938 1.01020216521897
1541 1.01018949316044 1.01020216523967
1542 1.01018949316394 1.01020216522318
1543 1.01018949315412 1.01020216522108
1544 1.01018949314009 1.01020216524212
1545 1.01018949316570 1.01020216521546
1546 1.01018949314991 1.01020216522493
1547 1.01018949315588 1.01020216523756
1548 1.01018949316394 1.01020216521581
1549 1.01018949315868 1.01020216521581
1550 1.01018949316675 1.01020216523616
1551 1.01018880067718 1.01020216524247
1552 1.01018880068314 1.01020216523861
1553 1.01018880065789 1.01020216521757
1554 1.01018880068490 1.01020216523651
1555 1.01018880069437 1.01020216523440
1556 1.01018823881243 1.01020216522809
1557 1.01018823879735 1.01020216521336
1558 1.01018823880962 1.01020093096349
1559 1.01018823882400 1.01020093095717
1560 1.01018823880892 1.01020093098383
1561 1.01018823880962 1.01020093096980
1562 1.01018823881839 1.01020093096700
1563 1.01018823882085 1.01020093097085
1564 1.01018823879419 1.01020093094981
1565 1.01018823881348 1.01020093093508
1566 1.01018446572151 1.01020093096910
1567 1.01018446572607 1.01020093096945
1568 1.01018446572116 1.01019194077748
1569 1.01018446572922 1.01019194076976
1570 1.01018446570677 1.01019194077959
1571 1.01018446571379 1.01019132574931
1572 1.01018446569274 1.01019132574475
1573 1.01018446573063 1.01019132574230
1574 1.01018446571660 1.01019132574440
1575 1.01018446570818 1.01019132574335
1576 1.01018446573273 1.01019132572125
1577 1.01018446571660 1.01019132573353
1578 1.01018446570572 1.01019132572511
1579 1.01018446572922 1.01019132573528
1580 1.01018446570257 1.01019132573809
1581 1.01018446572010 1.01019132573739
1582 1.01018446572712 1.01018929386585
1583 1.01018446573133 1.01018929386410
1584 1.01018446571730 1.01018929388059
1585 1.01018446570116 1.01018929385358
1586 1.01018446568678 1.01018929385779
1587 1.01018446570397 1.01018929388479
1588 1.01018446572501 1.01018836003923
1589 1.01018446570783 1.01018649505751
1590 1.01018446572221 1.01018649505892
1591 1.01018446571309 1.01018649504734
1592 1.01018446573238 1.01018649504594
1593 1.01018446570467 1.01018649503927
1594 1.01018446571169 1.01018649505330
1595 1.01018446571309 1.01018649503050
1596 1.01018446570467 1.01018649505646
1597 1.01018446571625 1.01018649507189
1598 1.01018446571625 1.01018649504068
1599 1.01018446571695 1.01018649504945
1600 1.01018446570467 1.01018649505295
1601 1.01018446570923 1.01018649507119
1602 1.01018446570222 1.01018649504839
1603 1.01018446572116 1.01018649504418
1604 1.01018446572291 1.01018649504559
1605 1.01018446571028 1.01018649505155
1606 1.01018446573098 1.01018649506032
1607 1.01018446569450 1.01018649505716
1608 1.01018446570853 1.01018649504664
1609 1.01018446571414 1.01018649507260
1610 1.01018446569730 1.01018649503822
1611 1.01018446572431 1.01018649505190
1612 1.01018446571133 1.01018649507049
1613 1.01018446572782 1.01018478043506
1614 1.01018446570572 1.01018478041296
1615 1.01018446572116 1.01018478041787
1616 1.01018446570222 1.01018478042699
1617 1.01018446570642 1.01018478042629
1618 1.01018446571449 1.01018478042559
1619 1.01018446572291 1.01018478043681
1620 1.01018382901822 1.01018478045014
1621 1.01018382904663 1.01018478044593
1622 1.01018382901822 1.01018478041787
1623 1.01018382906452 1.01018478044032
1624 1.01018382906873 1.01018478043050
1625 1.01018382903541 1.01018478042699
1626 1.01018382905225 1.01018478043050
1627 1.01018382906312 1.01018478043085
1628 1.01018331596072 1.01018478045154
1629 1.01018331593652 1.01018478041331
1630 1.01018331595020 1.01018478042594
1631 1.01018331596493 1.01018478042734
1632 1.01018331595020 1.01018478044172
1633 1.01018331593932 1.01018478041752
1634 1.01018331596107 1.01018478044032
1635 1.01018331596317 1.01018478043330
1636 1.01018331595195 1.01018478044382
1637 1.01018331597159 1.01018478044944
1638 1.01018253503635 1.01018478043962
1639 1.01018253505003 1.01018478043085
1640 1.01018253505003 1.01018478044558
1641 1.01018253504582 1.01018478042313
1642 1.01018253504933 1.01018478042979
1643 1.01018253503670 1.01018478044242
1644 1.01018253505775 1.01018478043435
1645 1.01018253506020 1.01018478042769
1646 1.01018253504723 1.01018478044733
1647 1.01018253504898 1.01018478042208
1648 1.01018253504723 1.01018478044347
1649 1.01018253504617 1.01018357871505
1650 1.01018253505494 1.01018357872697
1651 1.01018253504196 1.01018357873223
1652 1.01018253505284 1.01018357873293
1653 1.01017931863396 1.01018357870908
1654 1.01017931862484 1.01018357873960
1655 1.01017931862414 1.01018357872908
1656 1.01017931863396 1.01018357873749
1657 1.01017931865641 1.01018357873013
1658 1.01017931863361 1.01018357872522
1659 1.01017931862484 1.01018357873960
1660 1.01017931863221 1.01018357874100
1661 1.01017931862519 1.01018357874240
1662 1.01017931864027 1.01018357872522
1663 1.01017931862835 1.01018357873434
1664 1.01017931862554 1.01018357872452
1665 1.01017931863501 1.01018357873960
1666 1.01017931864834 1.01018357872837
1667 1.01017931861923 1.01018357873153
1668 1.01017931863431 1.01018357872872
1669 1.01017352977938 1.01018357872872
1670 1.01017352977412 1.01018357872627
1671 1.01017352976535 1.01018357874626
1672 1.01017352977271 1.01018357874100
1673 1.01017352976009 1.01018357873855
1674 1.01017352978429 1.01018357872136
1675 1.01017352978043 1.01018357873258
1676 1.01017352979516 1.01018357874311
1677 1.01017352977973 1.01018039536012
1678 1.01017352978569 1.01018039536363
1679 1.01017352975412 1.01018039535661
1680 1.01017352975728 1.01018039535661
1681 1.01017352975167 1.01018039535766
1682 1.01017352978008 1.01018039533942
1683 1.01017352976430 1.01018039534995
1684 1.01017352975974 1.01018039535135
1685 1.01017352978920 1.01018039535170
1686 1.01017352978674 1.01018039535766
1687 1.01017352976570 1.01018039534048
1688 1.01017352977271 1.01018039534223
1689 1.01017352976851 1.01017840120460
1690 1.01017352976359 1.01017840121969
1691 1.01017352977727 1.01017840122284
1692 1.01017352978078 1.01017794184712
1693 1.01017031451860 1.01017794185449
1694 1.01017031451544 1.01017794184642
1695 1.01017031453053 1.01017794183941
1696 1.01017031452000 1.01017794183134
1697 1.01017031450387 1.01017794183730
1698 1.01017031449721 1.01017794182082
1699 1.01017031450948 1.01017794183345
1700 1.01017031450773 1.01017794183485
1701 1.01017031452912 1.01017794182818
1702 1.01017031450668 1.01017794183380
1703 1.01017031451474 1.01017794183064
1704 1.01017031451369 1.01017794183450
1705 1.01017031451825 1.01017794182924
1706 1.01017031451299 1.01017794182152
1707 1.01017031451018 1.01017794184502
1708 1.01017031451650 1.01017794181731
1709 1.01017031450071 1.01017794182573
1710 1.01016927737306 1.01017794183380
1711 1.01016927737341 1.01017794183590
1712 1.01016927738639 1.01017794182117
1713 1.01016927737903 1.01017794184958
1714 1.01016927735833 1.01017794185168
1715 1.01016927737832 1.01017794182433
1716 1.01016526720611 1.01017794183345
1717 1.01016526720962 1.01017794183345
1718 1.01016526721383 1.01017794182924
1719 1.01016526721699 1.01017794184046
1720 1.01016526722611 1.01017794183660
1721 1.01016526720296 1.01017462106026
1722 1.01016526723102 1.01017462105605
1723 1.01016526723523 1.01017462104904
1724 1.01016526721769 1.01017462105009
1725 1.01016526720331 1.01017462104483
1726 1.01016526721067 1.01017462105114
1727 1.01016526721734 1.01017462104658
1728 1.01016526723803 1.01017462105360
1729 1.01016526723102 1.01017462106061
1730 1.01016526722365 1.01017462105605
1731 1.01016526722891 1.01017462105184
1732 1.01016526719840 1.01017462107359
1733 1.01016526723032 1.01017462106517
1734 1.01016526721067 1.01017462104272
1735 1.01016526722330 1.01017462107394
1736 1.01016526720366 1.01017462106587
1737 1.01016526720682 1.01017462107604
1738 1.01016526723067 1.01017462105430
1739 1.01016526722330 1.01017462105535
1740 1.01016461120535 1.01017462105640
1741 1.01016461120956 1.01017462106272
1742 1.01016461121132 1.01017462107148
1743 1.01016461118676 1.01017462105745
1744 1.01016461120220 1.01017462105430
1745 1.01016461120535 1.01017462104833
1746 1.01016461120009 1.01017462105465
1747 1.01016461118571 1.01017462106026
1748 1.01016461120255 1.01017297102344
1749 1.01016461122464 1.01017297102625
1750 1.01016461119974 1.01017297101608
1751 1.01016461119308 1.01017297100520
1752 1.01016461120711 1.01017297100555
1753 1.01016461119203 1.01017297102484
1754 1.01016461120044 1.01017297101467
1755 1.01016461120886 1.01017297103046
1756 1.01016461120325 1.01017297101292
1757 1.01016461120185 1.01017297102309
1758 1.01016461121237 1.01017297103256
1759 1.01016461119097 1.01017297100976
1760 1.01016461120185 1.01017297104834
1761 1.01016461122605 1.01017297101713
1762 1.01016461121763 1.01017297103467
1763 1.01016461120535 1.01017297102169
1764 1.01016461119869 1.01017297102028
1765 1.01016461120851 1.01017297101608
1766 1.01016461121693 1.01017297102064
1767 1.01016461120114 1.01017040091412
1768 1.01016461121833 1.01017040094885
1769 1.01016369529232 1.01016737623311
1770 1.01016369528952 1.01016737624679
1771 1.01016369528601 1.01016737623031
1772 1.01016134199422 1.01016737621207
1773 1.01016134198440 1.01016737623487
1774 1.01016134198019 1.01016737622505
1775 1.01016134199071 1.01016737621838
1776 1.01016134198755 1.01016737624294
1777 1.01016134198440 1.01016737622996
1778 1.01016134200860 1.01016737622785
1779 1.01016134199106 1.01016737623206
1780 1.01016134198896 1.01016737621944
1781 1.01016134197142 1.01016737624644
1782 1.01016134198370 1.01016737624083
1783 1.01016134198510 1.01016737623417
1784 1.01016134196826 1.01016737624504
1785 1.01016134197808 1.01016737622154
1786 1.01016134196826 1.01016737623276
1787 1.01015984803825 1.01016737624539
1788 1.01015984802106 1.01016737625206
1789 1.01015984802738 1.01016737621067
1790 1.01015984803825 1.01016737622961
1791 1.01015984804667 1.01016737623592
1792 1.01015984805368 1.01016737622680
1793 1.01015984804562 1.01016737623767
1794 1.01015984804421 1.01016737623803
1795 1.01015984802457 1.01016737625311
1796 1.01015984804141 1.01016737625381
1797 1.01015984803509 1.01016737624609
1798 1.01015984804106 1.01016737622119
1799 1.01015984804000 1.01016737623908
1800 1.01015984804141 1.01016581190175
1801 1.01015984804351 1.01016581189614
1802 1.01015984802983 1.01016581190596
1803 1.01015984805614 1.01016581189790
1804 1.01015984803545 1.01016581186948
1805 1.01015984805333 1.01016470012615
1806 1.01015984804246 1.01016470014684
1807 1.01015984803615 1.01016470013527
1808 1.01015984802703 1.01016470014439
1809 1.01015984803685 1.01016470014123
1810 1.01015984802492 1.01016470013036
1811 1.01015984805228 1.01016470012860
1812 1.01015984805789 1.01016470012650
1813 1.01015984803299 1.01016470011984
1814 1.01015984803053 1.01016470013772
1815 1.01015984803439 1.01016470013808
1816 1.01015984803580 1.01016470014614
1817 1.01015984802457 1.01016470013843
1818 1.01015984802948 1.01016470014790
1819 1.01015984802843 1.01016470014439
1820 1.01015984800914 1.01016470013562
1821 1.01015984802317 1.01016470013387
1822 1.01015984801440 1.01016470013106
1823 1.01015984803369 1.01016470013457
1824 1.01015984804036 1.01016470012720
1825 1.01015984803439 1.01016470014299
1826 1.01015984802948 1.01016470014369
1827 1.01015689997241 1.01016470014334
1828 1.01015689996610 1.01016321249277
1829 1.01015689997241 1.01016321249838
1830 1.01015689997311 1.01016321250820
1831 1.01015689995522 1.01016321250118
1832 1.01015689994610 1.01016321248926
1833 1.01015689997346 1.01016321249242
1834 1.01015689995101 1.01016321250715
1835 1.01015640363720 1.01016321250925
1836 1.01015640362984 1.01016321251697
1837 1.01015552589585 1.01016321249171
1838 1.01015552589585 1.01016321251065
1839 1.01015552590637 1.01016321252188
1840 1.01015552591444 1.01016159915397
1841 1.01015552590006 1.01016159916414
1842 1.01015552588322 1.01016159916169
1843 1.01015552590672 1.01016159913257
1844 1.01015552588778 1.01016159914731
1845 1.01015552590707 1.01016159915432
1846 1.01015552590988 1.01016159914696
1847 1.01015552591303 1.01016159914310
1848 1.01015552592110 1.01016159913748
1849 1.01015552590041 1.01016159913082
1850 1.01015552588813 1.01016159914625
1851 1.01015552588673 1.01016159916695
1852 1.01015552590847 1.01016159915292
1853 1.01015552591689 1.01016159913398
1854 1.01015552589760 1.01016159913643
1855 1.01015552590462 1.01016159914064
1856 1.01015552589585 1.01016159916169
1857 1.01015552590918 1.01016159912872
1858 1.01015552591759 1.01016159914204
1859 1.01015552590953 1.01016159914660
1860 1.01015552591724 1.01016159914450
1861 1.01015552591093 1.01016159914976
1862 1.01015552592882 1.01016159913854
1863 1.01015552591865 1.01016159914801
1864 1.01015552590882 1.01016159915467
1865 1.01015552588638 1.01016159913257
1866 1.01015552589725 1.01016159913678
1867 1.01015552588287 1.01016159916028
1868 1.01015552590321 1.01016159914134
1869 1.01015552590672 1.01016159915783
1870 1.01015552590777 1.01016159914204
1871 1.01015552589515 1.01016159915011
1872 1.01015552591023 1.01016159914801
1873 1.01015552591374 1.01016159915011
1874 1.01015552590742 1.01016159913398
1875 1.01015552589234 1.01016159916414
1876 1.01015552591409 1.01015892483430
1877 1.01015552589620 1.01015892483184
1878 1.01015552589830 1.01015892481851
1879 1.01015552590111 1.01015892484377
1880 1.01015552590812 1.01015892484447
1881 1.01015552591093 1.01015892483605
1882 1.01015552588497 1.01015892482904
1883 1.01015552589971 1.01015892483114
1884 1.01015552589550 1.01015892482553
1885 1.01015552592215 1.01015892482904
1886 1.01015552591198 1.01015892484307
1887 1.01015552592180 1.01015892481080
1888 1.01015552590637 1.01015892482658
1889 1.01015552590462 1.01015892482588
1890 1.01015552588883 1.01015892481115
1891 1.01015552589690 1.01015892482448
1892 1.01015552592180 1.01015892482202
1893 1.01015552591023 1.01015892483535
1894 1.01015552590988 1.01015892484061
1895 1.01015346443604 1.01015892482132
1896 1.01015346443183 1.01015745128744
1897 1.01015346443884 1.01015745130462
1898 1.01015346443674 1.01015745131199
1899 1.01015346443884 1.01015745130287
1900 1.01015346444691 1.01015745129691
1901 1.01015346444761 1.01015745129164
1902 1.01015346443955 1.01015745130813
1903 1.01015346444200 1.01015745131129
1904 1.01015254488745 1.01015745129796
1905 1.01015254490568 1.01015745131409
1906 1.01015254490779 1.01015745131444
1907 1.01015254490428 1.01015745133058
1908 1.01015129727126 1.01015745130111
1909 1.01015129727301 1.01015745132426
1910 1.01015129730282 1.01015605989647
1911 1.01015129727932 1.01015605990524
1912 1.01015129727687 1.01015605991295
1913 1.01015129727722 1.01015605990243
1914 1.01015129730423 1.01015605990208
1915 1.01015129727687 1.01015605991190
1916 1.01015129727231 1.01015605989191
1917 1.01015129729055 1.01015605987086
1918 1.01015129728809 1.01015529905598
1919 1.01015129727546 1.01015529903002
1920 1.01015129726880 1.01015529902020
1921 1.01015129726179 1.01015529905633
1922 1.01015129727757 1.01015529904581
1923 1.01015129728809 1.01015529903984
1924 1.01015129726494 1.01015529903984
1925 1.01015129727231 1.01015529903984
1926 1.01015129726319 1.01015529905177
1927 1.01015129727652 1.01015529903704
1928 1.01015129727617 1.01015529905072
1929 1.01015129727196 1.01015529905177
1930 1.01015129727757 1.01015529905072
1931 1.01015129727336 1.01015529902827
1932 1.01015129726810 1.01015529902757
1933 1.01015129728213 1.01015529902336
1934 1.01015129726249 1.01015529904090
1935 1.01015129725898 1.01015529901284
1936 1.01015129727967 1.01015529906334
1937 1.01015129724530 1.01015529905493
1938 1.01015129727722 1.01015529903704
1939 1.01015129724951 1.01015529905633
1940 1.01015129727862 1.01015529902476
1941 1.01015129727967 1.01015529903002
1942 1.01015129727231 1.01015529903879
1943 1.01015129726389 1.01015529904230
1944 1.01015129729055 1.01015297780104
1945 1.01015129725196 1.01015297779543
1946 1.01015129728669 1.01015297781016
1947 1.01015129727371 1.01015297779472
1948 1.01015129727967 1.01015297780279
1949 1.01015129728493 1.01015297780560
1950 1.01015129729300 1.01015297780279
1951 1.01015129726038 1.01015297779928
1952 1.01015129727441 1.01015014230315
1953 1.01015129727090 1.01015014229298
1954 1.01015129727652 1.01015014229228
1955 1.01015129727301 1.01015014228842
1956 1.01015129727196 1.01015014228772
1957 1.01015129727862 1.01015014228386
1958 1.01015129724776 1.01015014228562
1959 1.01015129729581 1.01015014229614
1960 1.01015129727827 1.01015014229263
1961 1.01014721676246 1.01014906501403
1962 1.01014721678771 1.01014906502174
1963 1.01014721677158 1.01014906500701
1964 1.01014721678736 1.01014906503086
1965 1.01014721679262 1.01014906501192
1966 1.01014721677859 1.01014906501017
1967 1.01014721678631 1.01014906501473
1968 1.01014721676316 1.01014906500280
1969 1.01014721679403 1.01014906501122
1970 1.01014721678491 1.01014906501473
1971 1.01014721677509 1.01014906501368
1972 1.01014348141893 1.01014906501753
1973 1.01014110334475 1.01014906503542
1974 1.01014110334405 1.01014906500841
1975 1.01014110334124 1.01014906502946
1976 1.01014110334299 1.01014906501964
1977 1.01014110336264 1.01014906501543
1978 1.01014110335071 1.01014906499684
1979 1.01014110336439 1.01014906499474
1980 1.01014110334580 1.01014906501789
1981 1.01014110334475 1.01014906502420
1982 1.01014110334475 1.01014906501578
1983 1.01014110334510 1.01014906500421
1984 1.01014110336264 1.01014906501648
1985 1.01014110333352 1.01014906502771
1986 1.01014110334685 1.01014906501157
1987 1.01014110334615 1.01014906499193
1988 1.01014110333037 1.01014906500350
1989 1.01014110334124 1.01014906499789
1990 1.01014110332791 1.01014906499894
1991 1.01014110333879 1.01014906499894
1992 1.01014110336404 1.01014906498702
1993 1.01014110336229 1.01014906500175
1994 1.01014110334931 1.01014906501824
1995 1.01014110334475 1.01014215902272
1996 1.01014110333037 1.01014215903009
1997 1.01014110333388 1.01014215901746
1998 1.01014110334019 1.01014215900098
1999 1.01014110333352 1.01014215901150
2000 1.01014110335352 1.01014215902868
