# Type:  log(experiment)   # Type:  log(CN simulator)   # Type:  log(our simulator)
0    3.26194874317244    3.414952030776793    3.12379308974955    
1    3.24816981617991    3.36957219210885    3.101309425808599    
2    3.22446534098135    3.324198375059304    3.07853341650752    
3    3.19445222823783    3.27883123160561    3.05271424976089    
4    3.15736545600997    3.233467993120823    3.018767212440978    
5    3.12840515805687    3.188105530790204    2.991183095042759    
6    3.09437984141772    3.142742952512073    2.96360667643276    
7    3.06729853436284    3.09737348587615    2.933827528608532    
8    3.02832984134511    3.05199337613453    2.901237338600877    
9    2.99302911646532    3.006599967374980    2.877545492471144    
10    2.96178562857007    2.961186768775178    2.844623069714488    
11    2.93963827716433    2.91576374076021    2.808132532498968    
12    2.88265636785616    2.870319958240096    2.783220817726979    
13    2.87027133741934    2.82485522341735    2.75283407254407    
14    2.82321523342055    2.779364429387753    2.72000637689930    
15    2.79022375061121    2.73384858168931    2.68188310852284    
16    2.75615449507217    2.68829940919749    2.65370781554498    
17    2.71572629500863    2.64271789543556    2.615193988531853    
18    2.68294113720591    2.597098398580380    2.57543016683191    
19    2.64352142638433    2.55144287424269    2.538385634366362    
20    2.60043529313658    2.505747107650963    2.495289106762710    
21    2.55731416815640    2.46000681348632    2.463691614578100    
22    2.51125832841045    2.41421491429834    2.41721589332087    
23    2.49554584804709    2.368373711766254    2.38616199162280    
24    2.44848124323832    2.32247816751165    2.35471111557132    
25    2.41122528706362    2.276520876076730    2.29387830360314    
26    2.37383540878884    2.23049940985259    2.25816077811008    
27    2.32980041455183    2.184413164723649    2.20257932843774    
28    2.29466502433434    2.138256070620454    2.16534118370807    
29    2.25032221345601    2.09202352714583    2.11659604530768    
30    2.22029378344929    2.045721418201620    2.073873827869464    
31    2.18408885118382    1.999364062849115    2.029271171135308    
32    2.13845176596235    1.953139555949242    1.983188029874529    
33    2.10023612790177    1.907039441822944    1.933321886905054    
34    2.06281640355644    1.86105526930436    1.884110609510196    
35    2.01384241026447    1.815178587255890    1.843126457799195    
36    1.98233182031260    1.76940093999265    1.800436606769446    
37    1.92626714152142    1.723713862613660    1.75340918539553    
38    1.88320281345741    1.678108876238029    1.706959670523588    
39    1.84742520627894    1.63257748314497    1.663337953537275    
40    1.82151175452045    1.58711116181772    1.61234729965018    
41    1.75468514439725    1.541701361892601    1.566859900476076    
42    1.72177696780105    1.496339499016350    1.525800389788161    
43    1.68307101696536    1.451016949616725    1.47847028335518    
44    1.63126570835705    1.405725045594318    1.43291902360839    
45    1.58552188660779    1.360455068946572    1.390115185548138    
46    1.52187518032716    1.315457200458493    1.340817198067822    
47    1.49406625546135    1.27098922652780    1.289093641321575    
48    1.44510671126498    1.226589317282531    1.247544556325513    
49    1.40048181860062    1.181904663185660    1.211211663130669    
50    1.36415973282320    1.13772965597040    1.167858824691548    
51    1.31423435773330    1.093463479862234    1.113177886509058    
52    1.26920055782015    1.049143519538263    1.072917677263454    
53    1.21390735802845    1.004527264025821    1.02857847194735    
54    1.17949619604832    0.960000530121107    0.985819313741339    
55    1.13460895630201    0.915468225001613    0.932015837984723    
56    1.06823087949650    0.870919897068605    0.900283972864495    
57    1.02191116040208    0.826456640427620    0.849715825624816    
58    0.975779592544938    0.781696954979168    0.807836790782536    
59    0.932545326495276    0.737178962987040    0.757772434118350    
60    0.878084770101988    0.692161710700234    0.710581977302063    
61    0.823424403809517    0.647143169136232    0.672832060271757    
62    0.773135767262130    0.602169767837484    0.620827157391144    
63    0.715101610596943    0.557036922518326    0.578114236046953    
64    0.656438476420710    0.511720253283735    0.530141156161734    
65    0.608601496591550    0.466350834102483    0.490694334241931    
66    0.563837228919629    0.4205749543564517    0.450255152802455    
67    0.508532411309645    0.374566901379065    0.400102942831555    
68    0.452853059626622    0.3283888505616581    0.352540446448271    
69    0.406330283929219    0.2818080513868730    0.309914141942010    
70    0.349981803705426    0.235805087877552    0.259329173078520    
71    0.317343961361696    0.1891367895532463    0.209366874220783    
72    0.263854132806865    0.1424358688747246    0.1718224127030910    
73    0.216157011817109    0.0954075816417767    0.118896493525780    
74    0.136184274627242    0.0484135674815251    0.0752956595610732    
75    0.0887008155049712    0.000898232179687479    0.02736908932623029    
76    0.0235097170918706    -0.04659141651818496    -0.02403886288266991    
77    -0.00284640674531021    -0.0944519158754992    -0.0739263028351384    
78    -0.0554491203867988    -0.142233061680695    -0.1248660559188040    
79    -0.118275958258180    -0.1903031212610618    -0.1695110628069906    
80    -0.152810475526766    -0.2386705422280398    -0.220771880441148    
81    -0.227863207172354    -0.287507137792162    -0.273499825717532    
82    -0.266837966135389    -0.336257237626871    -0.306511137901339    
83    -0.325864491602551    -0.385358943510554    -0.362862295728628    
84    -0.391383315008646    -0.434959318583114    -0.409701649860117    
85    -0.439000885691509    -0.4847670973713780    -0.4614966886333549    
86    -0.503429037757490    -0.534675297884030    -0.511107285517852    
87    -0.574728062477192    -0.585012481468050    -0.565467990995548    
88    -0.616598093689922    -0.635696537857252    -0.623400554228732    
89    -0.692487403665397    -0.686103009506493    -0.666079488181347    
90    -0.741365875203394    -0.735719902948717    -0.716530806546358    
91    -0.801655104541584    -0.774106351143159    -0.754379209342820    
92    -0.829908766505980    -0.812867291628561    -0.793165895484935    
93    -0.857930892185197    -0.852010909292410    -0.827771095431947    
94    -0.889991048183848    -0.891545653603746    -0.866494475806193    
95    -0.942972723122487    -0.931480248538576    -0.916615923601597    
96    -0.992505675931818    -0.971823702746648    -0.944793060410364    
97    -1.02065570377990    -1.012585319924201    -0.989009528215925    
98    -1.08994860282152    -1.053774709345347    -1.031911881958902    
99    -1.14677176553346    -1.09540179649017    -1.072808672096725    
100    -1.17552913072479    -1.13747683368933    -1.113892034620592    
101    -1.24548826150205    -1.180010410682632    -1.158591096717901    
102    -1.26817502791280    -1.223013464961088    -1.214165050414428    
103    -1.32455127700468    -1.26649729172783    -1.257868545187969    
104    -1.35673186210592    -1.310473553270444    -1.289987150594848    
105    -1.40799668769689    -1.339417040338065    -1.323006452824622    
106    -1.46337030159472    -1.35262123538335    -1.336210647869912    
107    -1.51365068512492    -1.393005328188173    -1.376594740674732    
108    -1.57806774411089    -1.454489928529682    -1.438079341016238    
109    -1.62287310072003    -1.468595769730080    -1.452185182216636    
110    -1.67817300685527    -1.518240910519411    -1.501830323005967    
111    -1.74190885543956    -1.565734139576033    -1.549323552062589    
112    -1.79468310971914    -1.627831811208330    -1.61142122369489    
113    -1.84440631216335    -1.667076770256951    -1.650666182743507    
114    -1.90463604903774    -1.711937777048590    -1.695527189535147    
115    -1.94847010764097    -1.757431450978789    -1.741020863465345    
116    -1.98535095422952    -1.796875501390564    -1.78046491387712    
117    -2.01887673877018    -1.859124486479533    -1.842713898966088    
118    -2.09812985316941    -1.889382564548510    -1.872971977035069    
119    -2.14257038686419    -1.963856174221301    -1.947445586707858    
120    -2.18130882392884    -2.00895078313982    -1.992540195626375    
121    -2.25688299949472    -2.05126090878872    -2.034850321275273    
122    -2.28000881030467    -2.105800951311954    -2.08939036379851    
123    -2.32314328586818    -2.161963231557124    -2.145552644043681    
124    -2.36224779250564    -2.210444897591381    -2.194034310077940    
125    -2.45209912305109    -2.280201950659410    -2.26379136314597    
126    -2.50282921122322    -2.339908224286748    -2.323497636773303    
127    -2.58002485415123    -2.396116147665358    -2.379705560151914    
128    -2.63962453097169    -2.46645909992546    -2.45004851241202    
129    -2.71610769367369    -2.478369759172462    -2.461959171659016    
130    -2.77295044784469    -2.56429281158077    -2.54788222406732    
131    -2.83137022533473    -2.612918451158065    -2.59650786364462    
132    -2.87808236328334    -2.679261365102132    -2.662850777588691    
133    -2.97150057689830    -2.724233267973300    -2.70782268045986    
134    -3.03546041912542    -2.80250655062872    -2.78609596311527    
135    -3.12038387363323    -2.84848068969261    -2.83207010217917    
136    -3.17811914264836    -2.918221377957027    -2.901810790443586    
137    -3.25216753033947    -2.96132066418722    -2.944910076673779    
138    -3.32363060953258    -3.026436636502600    -3.010026048989156    
139    -3.38342184243304    -3.092348379279707    -3.07593779176626    
140    -3.45615258851392    -3.16886627607536    -3.15245568856192    
141    -3.52852922309832    -3.21251312787467    -3.196102540361216    
142    -3.59209865916423    -3.282359590647840    -3.265949003134393    
143    -3.67657052804882    -3.36138144786411    -3.344970860350663    
144    -3.75128418610199    -3.42342604587901    -3.407015458365565    
145    -3.82039861607350    -3.47925912813049    -3.46284854061705    
146    -3.88684923724094    -3.55490631292520    -3.53849572541176    
147    -3.93717322378643    -3.626055864820109    -3.609645277306671    
148    -3.95438319080441    -3.660084836811754    -3.643674249298312    
149    -3.97159433832514    -3.663116616039927    -3.646706028526481    
