# Type:  log(CN-simulator)   # Type:  log(experiment)
0 1.02019751631339 1.02019695458000
1 1.01729533789132 1.01731991437000
2 1.01477212512434 1.01466109076000
3 1.01335970832856 1.01316633967000
4 1.01274306923140 1.01262952480000
5 1.01241255066358 1.01244015036000
6 1.01225151121850 1.01237333608000
7 1.01214223913060 1.01234976104000
8 1.01204139234586 1.01234144248000
9 1.01193169534564 1.01233850721000
10 1.01190510714594 1.01233747147000
11 1.01186315776514 1.01233710600000
12 1.01184463252441 1.01233697704000
13 1.01180965450201 1.01233693154000
14 1.01177535845824 1.01233691548000
15 1.01176020413816 1.01233690981000
16 1.01174587050024 1.01233690782000
17 1.01172569508453 1.01233690711000
18 1.01171069700931 1.01233690686000
19 1.01169646754980 1.01233690677000
20 1.01167451353595 1.01233690674000
21 1.01166467425577 1.01233690673000
22 1.01165585719789 1.01233690673000
23 1.01163487642631 1.01233690673000
24 1.01163077541330 1.01233690673000
25 1.01160913090463 1.01233690673000
26 1.01160586457598 1.01233690673000
27 1.01160500565139 1.01233690673000
28 1.01159807859812 1.01233690673000
29 1.01158415667638 1.01233690673000
30 1.01157124517402 1.01233690673000
31 1.01156758316085 1.01233690673000
32 1.01156489249120 1.01233690673000
33 1.01155445934828 1.01233690673000
34 1.01155151630841 1.01233690673000
35 1.01154105104668 1.01233690673000
36 1.01153405865732 1.01233690673000
37 1.01153065159104 1.01233690673000
38 1.01150931414524 1.01233690673000
39 1.01150142567314 1.01233690673000
40 1.01149760215493 1.01233690673000
41 1.01148781790873 1.01233690673000
42 1.01148651859784 1.01233690673000
43 1.01148463663788 1.01233690673000
44 1.01148288728768 1.01233690673000
45 1.01147940839261 1.01233690673000
46 1.01147036047895 1.01233690673000
47 1.01146490706751 1.01233690673000
48 1.01146227066758 1.01233690673000
49 1.01145887698269 1.01233690673000
50 1.01145737397169 1.01233690673000
51 1.01144998258170 1.01233690673000
52 1.01144782466160 1.01233690673000
53 1.01144579247429 1.01233690673000
54 1.01144432395679 1.01233690673000
55 1.01143714339290 1.01233690673000
56 1.01142414740254 1.01233690673000
57 1.01141276876442 1.01233690673000
58 1.01140209439168 1.01233690673000
59 1.01140038578265 1.01233690673000
60 1.01139706860200 1.01233690673000
61 1.01139159958039 1.01233690673000
62 1.01138424512048 1.01233690673000
63 1.01136842539151 1.01233690673000
64 1.01136671484200 1.01233690673000
65 1.01136489288304 1.01233690673000
66 1.01136356032822 1.01233690673000
67 1.01135560480486 1.01233690673000
68 1.01135187442553 1.01233690673000
69 1.01134273112355 1.01233690673000
70 1.01134079204867 1.01233690673000
71 1.01133688264295 1.01233690673000
72 1.01133401318533 1.01233690673000
73 1.01132499428970 1.01233690673000
74 1.01131783189063 1.01233690673000
75 1.01131714986103 1.01233690673000
76 1.01131574307930 1.01233690673000
77 1.01131574310055 1.01233690673000
78 1.01131574306009 1.01233690673000
79 1.01131439806572 1.01233690673000
80 1.01131439807331 1.01233690673000
81 1.01130786980765 1.01233690673000
82 1.01130385516580 1.01233690673000
83 1.01130385517389 1.01233690673000
84 1.01129821932218 1.01233690673000
85 1.01128800754640 1.01233690673000
86 1.01128800754186 1.01233690673000
87 1.01128472511684 1.01233690673000
88 1.01128472510420 1.01233690673000
89 1.01128472513202 1.01233690673000
90 1.01128326970249 1.01233690673000
91 1.01128031418730 1.01233690673000
92 1.01126904187875 1.01233690673000
93 1.01126817578809 1.01233690673000
94 1.01126817580680 1.01233690673000
95 1.01126627178050 1.01233690673000
96 1.01126567471450 1.01233690673000
97 1.01125813544914 1.01233690673000
98 1.01125813543803 1.01233690673000
99 1.01125813544106 1.01233690673000
100 1.01125813544511 1.01233690673000
101 1.01125703040627 1.01233690673000
102 1.01125415147315 1.01233690673000
103 1.01125159018857 1.01233690673000
104 1.01125159020274 1.01233690673000
105 1.01124955704751 1.01233690673000
106 1.01124553281777 1.01233690673000
107 1.01124553278642 1.01233690673000
108 1.01124301880115 1.01233690673000
109 1.01124301879357 1.01233690673000
110 1.01124139072893 1.01233690673000
111 1.01123977395069 1.01233690673000
112 1.01123525871280 1.01233690673000
113 1.01123525868398 1.01233690673000
114 1.01123083177931 1.01233690673000
115 1.01122769142915 1.01233690673000
116 1.01122428269035 1.01233690673000
117 1.01122428269693 1.01233690673000
118 1.01122162945474 1.01233690673000
119 1.01122011542221 1.01233690673000
120 1.01122011540704 1.01233690673000
121 1.01121077859118 1.01233690673000
122 1.01121077859118 1.01233690673000
123 1.01120391858533 1.01233690673000
124 1.01120218364193 1.01233690673000
125 1.01120218365003 1.01233690673000
126 1.01119845445821 1.01233690673000
127 1.01119741906201 1.01233690673000
128 1.01118720033493 1.01233690673000
129 1.01118481133792 1.01233690673000
130 1.01118260983178 1.01233690673000
131 1.01117346022647 1.01233690673000
132 1.01117346023506 1.01233690673000
133 1.01117346023354 1.01233690673000
134 1.01116705868663 1.01233690673000
135 1.01116408264446 1.01233690673000
136 1.01116408261767 1.01233690673000
137 1.01116408264648 1.01233690673000
138 1.01116343816185 1.01233690673000
139 1.01116165808966 1.01233690673000
140 1.01116165809319 1.01233690673000
141 1.01116165809673 1.01233690673000
142 1.01115837207147 1.01233690673000
143 1.01115700797649 1.01233690673000
144 1.01115700795221 1.01233690673000
145 1.01115380523277 1.01233690673000
146 1.01115018671062 1.01233690673000
147 1.01114899612349 1.01233690673000
148 1.01114688033895 1.01233690673000
149 1.01114595817966 1.01233690673000
150 1.01114346533045 1.01233690673000
151 1.01114346530922 1.01233690673000
152 1.01114346531478 1.01233690673000
153 1.01113939162258 1.01233690673000
154 1.01113659767097 1.01233690673000
155 1.01113659766946 1.01233690673000
156 1.01113541740884 1.01233690673000
157 1.01113541740630 1.01233690673000
158 1.01113541743209 1.01233690673000
159 1.01113541741035 1.01233690673000
160 1.01112768298848 1.01233690673000
161 1.01112768298342 1.01233690673000
162 1.01112546774178 1.01233690673000
163 1.01112044015470 1.01233690673000
164 1.01112044016581 1.01233690673000
165 1.01112044015621 1.01233690673000
166 1.01112044012486 1.01233690673000
167 1.01111712518153 1.01233690673000
168 1.01111712515575 1.01233690673000
169 1.01111602709004 1.01233690673000
170 1.01111602709408 1.01233690673000
171 1.01111602711025 1.01233690673000
172 1.01111602710469 1.01233690673000
173 1.01111487058958 1.01233690673000
174 1.01111081838838 1.01233690673000
175 1.01111081838788 1.01233690673000
176 1.01111081841316 1.01233690673000
177 1.01109896300155 1.01233690673000
178 1.01109591316667 1.01233690673000
179 1.01109591319094 1.01233690673000
180 1.01108432520536 1.01233690673000
181 1.01108432517503 1.01233690673000
182 1.01108315583637 1.01233690673000
183 1.01108315582576 1.01233690673000
184 1.01108133882603 1.01233690673000
185 1.01108133885789 1.01233690673000
186 1.01108133881391 1.01233690673000
187 1.01107628352459 1.01233690673000
188 1.01107628354431 1.01233690673000
189 1.01107490607591 1.01233690673000
190 1.01107490604962 1.01233690673000
191 1.01107490604153 1.01233690673000
192 1.01107246655345 1.01233690673000
193 1.01106829235631 1.01233690673000
194 1.01106653184973 1.01233690673000
195 1.01106653180525 1.01233690673000
196 1.01106405878244 1.01233690673000
197 1.01106210748886 1.01233690673000
198 1.01105905848580 1.01233690673000
199 1.01105905848832 1.01233690673000
200 1.01105905846204 1.01233690673000
201 1.01105846969168 1.01233690673000
202 1.01105846969522 1.01233690673000
203 1.01105183675128 1.01233690673000
204 1.01105183673915 1.01233690673000
205 1.01105183675835 1.01233690673000
206 1.01105129007901 1.01233690673000
207 1.01105129009619 1.01233690673000
208 1.01105129009266 1.01233690673000
209 1.01105129008103 1.01233690673000
210 1.01104279051903 1.01233690673000
211 1.01104279050639 1.01233690673000
212 1.01104087399080 1.01233690673000
213 1.01103732132553 1.01233690673000
214 1.01103732130581 1.01233690673000
215 1.01103732132553 1.01233690673000
216 1.01103196800404 1.01233690673000
217 1.01103196802123 1.01233690673000
218 1.01103196798230 1.01233690673000
219 1.01103196798787 1.01233690673000
220 1.01103196801618 1.01233690673000
221 1.01103196802325 1.01233690673000
222 1.01102718563617 1.01233690673000
223 1.01102718564427 1.01233690673000
224 1.01101194832369 1.01233690673000
225 1.01101051180088 1.01233690673000
226 1.01100858811573 1.01233690673000
227 1.01100858812332 1.01233690673000
228 1.01100858812130 1.01233690673000
229 1.01100624578989 1.01233690673000
230 1.01099854998730 1.01233690673000
231 1.01099854999994 1.01233690673000
232 1.01099855001259 1.01233690673000
233 1.01099855001865 1.01233690673000
234 1.01099854998832 1.01233690673000
235 1.01099855001460 1.01233690673000
236 1.01099741469170 1.01233690673000
237 1.01099067247581 1.01233690673000
238 1.01099067247631 1.01233690673000
239 1.01099067245558 1.01233690673000
240 1.01098928503541 1.01233690673000
241 1.01098928502631 1.01233690673000
242 1.01098170175635 1.01233690673000
243 1.01098170176242 1.01233690673000
244 1.01098170175231 1.01233690673000
245 1.01098170176140 1.01233690673000
246 1.01098170175382 1.01233690673000
247 1.01098170177051 1.01233690673000
248 1.01098170174978 1.01233690673000
249 1.01098078197298 1.01233690673000
250 1.01098078195428 1.01233690673000
251 1.01098078195680 1.01233690673000
252 1.01098078196438 1.01233690673000
253 1.01098078198511 1.01233690673000
254 1.01097986237892 1.01233690673000
255 1.01097708658011 1.01233690673000
256 1.01097708659680 1.01233690673000
257 1.01097708657708 1.01233690673000
258 1.01097708654625 1.01233690673000
259 1.01097708658365 1.01233690673000
260 1.01097708655231 1.01233690673000
261 1.01097708657961 1.01233690673000
262 1.01097708659831 1.01233690673000
263 1.01097498774013 1.01233690673000
264 1.01097384929241 1.01233690673000
265 1.01097384930757 1.01233690673000
266 1.01097286780733 1.01233690673000
267 1.01097075539759 1.01233690673000
268 1.01097075543399 1.01233690673000
269 1.01097075541681 1.01233690673000
270 1.01097075542236 1.01233690673000
271 1.01097075543349 1.01233690673000
272 1.01096940548034 1.01233690673000
273 1.01096940547023 1.01233690673000
274 1.01096940548085 1.01233690673000
275 1.01096940547427 1.01233690673000
276 1.01096542349323 1.01233690673000
277 1.01096374547714 1.01233690673000
278 1.01096374545692 1.01233690673000
279 1.01096374548169 1.01233690673000
280 1.01096374547259 1.01233690673000
281 1.01096374546097 1.01233690673000
282 1.01095997209365 1.01233690673000
283 1.01095683953100 1.01233690673000
284 1.01095683948399 1.01233690673000
285 1.01095683948248 1.01233690673000
286 1.01095683947641 1.01233690673000
287 1.01095449658159 1.01233690673000
288 1.01095374480075 1.01233690673000
289 1.01095374480985 1.01233690673000
290 1.01095374481491 1.01233690673000
291 1.01095374480531 1.01233690673000
292 1.01095374480430 1.01233690673000
293 1.01095374483411 1.01233690673000
294 1.01095374481491 1.01233690673000
295 1.01095374481087 1.01233690673000
296 1.01095374480784 1.01233690673000
297 1.01095374481694 1.01233690673000
298 1.01095374482300 1.01233690673000
299 1.01095374479823 1.01233690673000
300 1.01095374479671 1.01233690673000
301 1.01095374481137 1.01233690673000
302 1.01095374479620 1.01233690673000
303 1.01095072326295 1.01233690673000
304 1.01095072326851 1.01233690673000
305 1.01094784539168 1.01233690673000
306 1.01094784538611 1.01233690673000
307 1.01094784538864 1.01233690673000
308 1.01094784539522 1.01233690673000
309 1.01094784539522 1.01233690673000
310 1.01094784538258 1.01233690673000
311 1.01094784537601 1.01233690673000
312 1.01094784538561 1.01233690673000
313 1.01094784538055 1.01233690673000
314 1.01094722694122 1.01233690673000
315 1.01094722695588 1.01233690673000
316 1.01094722693111 1.01233690673000
317 1.01094654172121 1.01233690673000
318 1.01094654174193 1.01233690673000
319 1.01094654171869 1.01233690673000
320 1.01094654177075 1.01233690673000
321 1.01094357440129 1.01233690673000
322 1.01094357438915 1.01233690673000
323 1.01094357439522 1.01233690673000
324 1.01093509090935 1.01233690673000
325 1.01093509093058 1.01233690673000
326 1.01093509093968 1.01233690673000
327 1.01092885030837 1.01233690673000
328 1.01092885031342 1.01233690673000
329 1.01092885029067 1.01233690673000
330 1.01092885033263 1.01233690673000
331 1.01092193974271 1.01233690673000
332 1.01092137334038 1.01233690673000
333 1.01092137334846 1.01233690673000
334 1.01092137334543 1.01233690673000
335 1.01092137334543 1.01233690673000
336 1.01091917504300 1.01233690673000
337 1.01091917506726 1.01233690673000
338 1.01091659034532 1.01233690673000
339 1.01091659033622 1.01233690673000
340 1.01091659035543 1.01233690673000
341 1.01091659034280 1.01233690673000
342 1.01091659033724 1.01233690673000
343 1.01091659036352 1.01233690673000
344 1.01091659036958 1.01233690673000
345 1.01091659034937 1.01233690673000
346 1.01091659033825 1.01233690673000
347 1.01091091376466 1.01233690673000
348 1.01091091375505 1.01233690673000
349 1.01091091376871 1.01233690673000
350 1.01091091373433 1.01233690673000
351 1.01091091373938 1.01233690673000
352 1.01091091375607 1.01233690673000
353 1.01090937396817 1.01233690673000
354 1.01090937396767 1.01233690673000
355 1.01090937398738 1.01233690673000
356 1.01090745349405 1.01233690673000
357 1.01090745351881 1.01233690673000
358 1.01090745352538 1.01233690673000
359 1.01090745350870 1.01233690673000
360 1.01090745351628 1.01233690673000
361 1.01090745352386 1.01233690673000
362 1.01090745348342 1.01233690673000
363 1.01090745352943 1.01233690673000
364 1.01090745350163 1.01233690673000
365 1.01090745350920 1.01233690673000
366 1.01090745352437 1.01233690673000
367 1.01090291355909 1.01233690673000
368 1.01090137708931 1.01233690673000
369 1.01090137709083 1.01233690673000
370 1.01090137711004 1.01233690673000
371 1.01090137710245 1.01233690673000
372 1.01090137712470 1.01233690673000
373 1.01090137711661 1.01233690673000
374 1.01090137710751 1.01233690673000
375 1.01090137708324 1.01233690673000
376 1.01090137709891 1.01233690673000
377 1.01090137710295 1.01233690673000
378 1.01090137709537 1.01233690673000
379 1.01090137711812 1.01233690673000
380 1.01090137711560 1.01233690673000
381 1.01090137711003 1.01233690673000
382 1.01090137714743 1.01233690673000
383 1.01090137710650 1.01233690673000
384 1.01090137711963 1.01233690673000
385 1.01090137711508 1.01233690673000
386 1.01090137712671 1.01233690673000
387 1.01089820598499 1.01233690673000
388 1.01089820600016 1.01233690673000
389 1.01089604537844 1.01233690673000
390 1.01089604538248 1.01233690673000
391 1.01089604539663 1.01233690673000
392 1.01089604539360 1.01233690673000
393 1.01089604537641 1.01233690673000
394 1.01089285512507 1.01233690673000
395 1.01089126772115 1.01233690673000
396 1.01089126772166 1.01233690673000
397 1.01088603290645 1.01233690673000
398 1.01088603286197 1.01233690673000
399 1.01088428842757 1.01233690673000
400 1.01088428842909 1.01233690673000
401 1.01087976927214 1.01233690673000
402 1.01087976927315 1.01233690673000
403 1.01087762171692 1.01233690673000
404 1.01087762169670 1.01233690673000
405 1.01087549752362 1.01233690673000
406 1.01087549750340 1.01233690673000
407 1.01087318803875 1.01233690673000
408 1.01087318803673 1.01233690673000
409 1.01087318806654 1.01233690673000
410 1.01087318807210 1.01233690673000
411 1.01087219183597 1.01233690673000
412 1.01087219186378 1.01233690673000
413 1.01087219184659 1.01233690673000
414 1.01087219184507 1.01233690673000
415 1.01087219183193 1.01233690673000
416 1.01087219182536 1.01233690673000
417 1.01087219184103 1.01233690673000
418 1.01087219183901 1.01233690673000
419 1.01087219185113 1.01233690673000
420 1.01087219185467 1.01233690673000
421 1.01087219183901 1.01233690673000
422 1.01086999382450 1.01233690673000
423 1.01086999382500 1.01233690673000
424 1.01086324145379 1.01233690673000
425 1.01086324144873 1.01233690673000
426 1.01086324145075 1.01233690673000
427 1.01086324146339 1.01233690673000
428 1.01086324146541 1.01233690673000
429 1.01086324142295 1.01233690673000
430 1.01086324142548 1.01233690673000
431 1.01085786093899 1.01233690673000
432 1.01085710478986 1.01233690673000
433 1.01085710478128 1.01233690673000
434 1.01085598061053 1.01233690673000
435 1.01085357185725 1.01233690673000
436 1.01085357185068 1.01233690673000
437 1.01085357183299 1.01233690673000
438 1.01085357184057 1.01233690673000
439 1.01085357183501 1.01233690673000
440 1.01085357184916 1.01233690673000
441 1.01084427521216 1.01233690673000
442 1.01084427517829 1.01233690673000
443 1.01084427523187 1.01233690673000
444 1.01084427521115 1.01233690673000
445 1.01084427522632 1.01233690673000
446 1.01084427523490 1.01233690673000
447 1.01084427524602 1.01233690673000
448 1.01084427518487 1.01233690673000
449 1.01084427521418 1.01233690673000
450 1.01084182553571 1.01233690673000
451 1.01084084989936 1.01233690673000
452 1.01083974166079 1.01233690673000
453 1.01083974164765 1.01233690673000
454 1.01083714943301 1.01233690673000
455 1.01083714945424 1.01233690673000
456 1.01083714944059 1.01233690673000
457 1.01083714945019 1.01233690673000
458 1.01083714942695 1.01233690673000
459 1.01083714945777 1.01233690673000
460 1.01083714944463 1.01233690673000
461 1.01083714943048 1.01233690673000
462 1.01083714944464 1.01233690673000
463 1.01083714945777 1.01233690673000
464 1.01083714944817 1.01233690673000
465 1.01083714945019 1.01233690673000
466 1.01083454674904 1.01233690673000
467 1.01083454675814 1.01233690673000
468 1.01083454674753 1.01233690673000
469 1.01083454676472 1.01233690673000
470 1.01083454673389 1.01233690673000
471 1.01083454675967 1.01233690673000
472 1.01083454677330 1.01233690673000
473 1.01083454673995 1.01233690673000
474 1.01083454675562 1.01233690673000
475 1.01083454674703 1.01233690673000
476 1.01083454675663 1.01233690673000
477 1.01083454673792 1.01233690673000
478 1.01083454673793 1.01233690673000
479 1.01083454675410 1.01233690673000
480 1.01083336982097 1.01233690673000
481 1.01083336984119 1.01233690673000
482 1.01083066746570 1.01233690673000
483 1.01083066748441 1.01233690673000
484 1.01083066747481 1.01233690673000
485 1.01083066745560 1.01233690673000
486 1.01083066747177 1.01233690673000
487 1.01082918070978 1.01233690673000
488 1.01082918070018 1.01233690673000
489 1.01082918073151 1.01233690673000
490 1.01082918071685 1.01233690673000
491 1.01082918075021 1.01233690673000
492 1.01082702661084 1.01233690673000
493 1.01082702657497 1.01233690673000
494 1.01082702658861 1.01233690673000
495 1.01082702662348 1.01233690673000
496 1.01082181556959 1.01233690673000
497 1.01082181560498 1.01233690673000
498 1.01082181560750 1.01233690673000
499 1.01082181560245 1.01233690673000
500 1.01082181556505 1.01233690673000
