# Type:  log(bi)   # Type:  Upper  (Minkowski)   # Type:  GH   # Type:  Expected lambda1  
0.000000000000000     1.46012350760000     1.89978096402874     1.20663378346879     1.23325399691275
1.00000000000000     1.44570704760000     1.87524781590374     1.18210063534379     1.20872084878775
2.00000000000000     1.42656216260000     1.84849317215374     1.15534599159379     1.18196620503775
3.00000000000000     1.39935077260000     1.82030660152874     1.12715942096879     1.15377963441275
4.00000000000000     1.37214736260000     1.79217150652874     1.09902432596879     1.12564453941275
5.00000000000000     1.34819343260000     1.76373281465374     1.07058563409379     1.09720584753775
6.00000000000000     1.31326243260000     1.73411150152874     1.04096432096879     1.06758453441275
7.00000000000000     1.28858926260000     1.70512747715374     1.01198029659379     1.03860051003775
8.00000000000000     1.26385832260000     1.67598289090374    0.982835710343793     1.00945592378775
9.00000000000000     1.23166989760000     1.64576983152874    0.952622650968793    0.979242864412747
10.0000000000000     1.20106959760000     1.61553103715374    0.922383856593793    0.949004070037747
11.0000000000000     1.17427001260000     1.58523265965374    0.892085479093793    0.918705692537747
12.0000000000000     1.14463782760000     1.55493312277874    0.861785942218793    0.888406155662747
13.0000000000000     1.11122292760000     1.52407222277874    0.830925042218793    0.857545255662747
14.0000000000000     1.08139023760000     1.49345312840374    0.800305947843793    0.826926161287747
15.0000000000000     1.05543257260000     1.46281213715374    0.769664956593793    0.796285170037747
16.0000000000000     1.02215384760000     1.43227187652874    0.739124695968793    0.765744909412747
17.0000000000000    0.989759542600000     1.40181935652874    0.708672175968793    0.735292389412747
18.0000000000000    0.958682577600000     1.37195203840374    0.678804857843793    0.705425071287747
19.0000000000000    0.931873717600000     1.34205141527874    0.648904234718793    0.675524448162747
20.0000000000000    0.897750627600000     1.31103214715374    0.617884966593793    0.644505180037747
21.0000000000000    0.866270172600000     1.28192627090374    0.588779090343793    0.615399303787747
22.0000000000000    0.836262307600000     1.25228878027874    0.559141599718793    0.585761813162747
23.0000000000000    0.811110487600000     1.22279748027874    0.529650299718793    0.556270513162747
24.0000000000000    0.778533687599999     1.19271289027874    0.499565709718793    0.526185923162747
25.0000000000000    0.750820997600000     1.16227963840374    0.469132457843793    0.495752671287747
26.0000000000000    0.719477592600000     1.13171829777874    0.438571117218793    0.465191330662747
27.0000000000000    0.683719572600000     1.10114718152874    0.408000000968793    0.434620214412747
28.0000000000000    0.664903617600000     1.07224814840374    0.379100967843793    0.405721181287747
29.0000000000000    0.629170247600000     1.04174782465374    0.348600644093793    0.375220857537747
30.0000000000000    0.600331907600000     1.01147303152874    0.318325850968793    0.344946064412747
31.0000000000000    0.570433767600000    0.980724795278738    0.287577614718793    0.314197828162747
32.0000000000000    0.535067672600000    0.949695953403738    0.256548772843793    0.283168986287747
33.0000000000000    0.506330272600000    0.919635494028739    0.226488313468793    0.253108526912747
34.0000000000000    0.474908662600000    0.889158564653738    0.196011384093793    0.222631597537747
35.0000000000000    0.452527307600000    0.858288533403738    0.165141352843793    0.191761566287747
36.0000000000000    0.420901027600000    0.826787294028739    0.133640113468793    0.160260326912747
37.0000000000000    0.386971902600000    0.794824530903739    0.101677350343793    0.128297563787747
38.0000000000000    0.354346017600000    0.763550247778738   0.0704030672187931   0.0970232806627467
39.0000000000000    0.322203032600000    0.732858665903738   0.0397114853437932   0.0663316987877467
40.0000000000000    0.294583997600000    0.702250958403738  0.00910377784379313   0.0357239912877467
41.0000000000000    0.262514837600000    0.671816287778738  -0.0213308927812069  0.00528932066274671
42.0000000000000    0.227948412600000    0.640961913403738  -0.0521852671562069  -0.0255650537122533
43.0000000000000    0.200517392600000    0.610516878403738  -0.0826303021562069  -0.0560100887122533
44.0000000000000    0.165198922600000    0.579572499028738   -0.113574681531207  -0.0869544680872533
45.0000000000000    0.136777637600000    0.549380950278738   -0.143766230281207   -0.117146016837253
46.0000000000000    0.108813362600000    0.518475185278738   -0.174671995281207   -0.148051781837253
47.0000000000000   0.0773413725999999    0.487511358403738   -0.205635822156207   -0.179015608712253
48.0000000000000   0.0511066325999999    0.456631398403738   -0.236515782156207   -0.209895568712253
49.0000000000000   0.0156798426000000    0.425676194028738   -0.267470986531207   -0.240850773087253
50.0000000000000  -0.0156118674000000    0.394233668403738   -0.298913512156207   -0.272293298712253
51.0000000000000  -0.0470376424000001    0.363134695278738   -0.330012485281207   -0.303392271837253
52.0000000000000  -0.0763334674000000    0.332575172153738   -0.360572008406207   -0.333951794962253
53.0000000000000   -0.110468482400000    0.301553349028738   -0.391593831531207   -0.364973618087253
54.0000000000000   -0.138897252400000    0.270972066528738   -0.422175114031207   -0.395554900587253
55.0000000000000   -0.169698307400000    0.240731757153738   -0.452415423406207   -0.425795209962253
56.0000000000000   -0.196535002400000    0.210635346528738   -0.482511834031207   -0.455891620587253
57.0000000000000   -0.235860362400000    0.179859451528738   -0.513287729031207   -0.486667515587253
58.0000000000000   -0.264403652400000    0.149557100903738   -0.543590079656207   -0.516969866212253
59.0000000000000   -0.291513827400000    0.119334338403738   -0.573812842156207   -0.547192628712253
60.0000000000000   -0.324508052400000   0.0888733721537383   -0.604273808406207   -0.577653594962253
61.0000000000000   -0.355118742400000   0.0586455609037383   -0.634501619656207   -0.607881406212253
62.0000000000000   -0.380819727400000   0.0286637734037383   -0.664483407156207   -0.637863193712253
63.0000000000000   -0.410469592400000 -0.00181746597126164   -0.694964646531207   -0.668344433087253
64.0000000000000   -0.442742162400000  -0.0328443665962616   -0.725991547156207   -0.699371333712253
65.0000000000000   -0.478279167400000  -0.0642060565962617   -0.757353237156207   -0.730733023712253
66.0000000000000   -0.506185752400000  -0.0949115822212616   -0.788058762781207   -0.761438549337253
67.0000000000000   -0.535201557400000   -0.125496302846262   -0.818643483406207   -0.792023269962253
68.0000000000000   -0.566330542400000   -0.155642402221261   -0.848789582781207   -0.822169369337253
69.0000000000000   -0.594973042400000   -0.186047614096261   -0.879194794656207   -0.852574581212253
70.0000000000000   -0.624669642400000   -0.217161832221262   -0.910309012781207   -0.883688799337253
71.0000000000000   -0.658684797400000   -0.247523353471262   -0.940670534031207   -0.914050320587253
72.0000000000000   -0.693635682400000   -0.277289130346262   -0.970436310906207   -0.943816097462253
73.0000000000000   -0.723923372400000   -0.306830254096262   -0.999977434656207   -0.973357221212253
74.0000000000000   -0.750863517400000   -0.336907367221262    -1.03005454778121    -1.00343433433725
75.0000000000000   -0.776370352400000   -0.366037630971262    -1.05918481153121    -1.03256459808725
76.0000000000000   -0.809572237400000   -0.396330807221262    -1.08947798778121    -1.06285777433725
77.0000000000000   -0.843886787400000   -0.426244462846261    -1.11939164340621    -1.09277142996225
78.0000000000000   -0.867561812400000   -0.455987332221262    -1.14913451278121    -1.12251429933725
79.0000000000000   -0.896811012400000   -0.486866826596261    -1.18001400715621    -1.15339379371225
80.0000000000000   -0.929964672400000   -0.518004401596262    -1.21115158215621    -1.18453136871225
81.0000000000000   -0.964540277400000   -0.548094455971262    -1.24124163653121    -1.21462142308725
82.0000000000000   -0.983905627400000   -0.577088692846262    -1.27023587340621    -1.24361565996225
83.0000000000000    -1.01871576240000   -0.606921754096262    -1.30006893465621    -1.27344872121225
84.0000000000000    -1.04888148240000   -0.637598557221262    -1.33074573778121    -1.30412552433725
85.0000000000000    -1.08182974240000   -0.667023715346262    -1.36017089590621    -1.33355068246225
86.0000000000000    -1.11459776740000   -0.695981915346262    -1.38912909590621    -1.36250888246225
87.0000000000000    -1.14591161240000   -0.725096914721262    -1.41824409528121    -1.39162388183725
88.0000000000000    -1.17068510740000   -0.754012790971262    -1.44715997153121    -1.42053975808725
89.0000000000000    -1.19649417240000   -0.783332165346262    -1.47647934590621    -1.44985913246225
90.0000000000000    -1.22257011740000   -0.812999266596262    -1.50614644715621    -1.47952623371225
91.0000000000000    -1.26413018740000   -0.842418621596262    -1.53556580215621    -1.50894558871225
92.0000000000000    -1.28428274740000   -0.868621834721262    -1.56176901528121    -1.53514880183725
93.0000000000000    -1.31349534240000   -0.929970203930121    -1.62311738449007    -1.59083723615527
94.0000000000000    -1.34751776240000   -0.996509237393412    -1.68965641795336    -1.64915792200985
95.0000000000000    -1.37723862240000    -1.06862115329534    -1.76176833385529    -1.70851298774661
96.0000000000000    -1.40524010240000    -1.14861895087477    -1.84176613143471    -1.76675117271654
97.0000000000000    -1.43383098240000    -1.23949408294045    -1.93264126350039    -1.81478384505409
98.0000000000000    -1.45792495740000    -1.34505818726476    -2.03820536782470    -1.81241401517997
