# Type:  log(bkz)   # Type:  log(pressed-bkz)
0    2.49042263558333    2.49042263558333    
1    2.50095136558333    2.42960054558333    
2    2.46954261558333    2.37393396558334    
3    2.42516093558333    2.33215876558333    
4    2.39220104558333    2.29093897558333    
5    2.37220316558333    2.24017153558334    
6    2.32515674558333    2.21158599558333    
7    2.28781386558333    2.15577814558333    
8    2.23997363558333    2.12295607558333    
9    2.21119204558333    2.07993191558333    
10    2.16764258558334    2.02935070558333    
11    2.13317332558334    1.99173789558333    
12    2.12295502558333    1.93609898558333    
13    2.07609638558334    1.90093961558334    
14    2.03864529558333    1.85907462558333    
15    2.00441651558333    1.81147503558333    
16    1.96765142558333    1.77409578558333    
17    1.94563773558333    1.72822497558333    
18    1.91031548558334    1.68608031558333    
19    1.87492724558333    1.64554297558333    
20    1.82656997558334    1.60236641558333    
21    1.79826221558333    1.56362138558333    
22    1.77015054558333    1.51448360558333    
23    1.71477300558333    1.48140988558333    
24    1.68942375558333    1.44190521558333    
25    1.64899812558333    1.39099043558333    
26    1.61046650558333    1.35147454558333    
27    1.57069783558333    1.31609374558333    
28    1.52628463558334    1.27224706558333    
29    1.48645165558333    1.22905864558333    
30    1.45784862558333    1.19695630558333    
31    1.41263796558333    1.15562044558333    
32    1.34920677558333    1.10331311558333    
33    1.28848089558333    1.06802324558333    
34    1.26110139558333    1.03748369558333    
35    1.21370618558333    0.993494105583334    
36    1.17377249558333    0.960305435583334    
37    1.13500550558333    0.924084805583334    
38    1.08823631558333    0.886969495583335    
39    1.03944980558333    0.855193925583334    
40    0.998235905583334    0.827729235583334    
41    0.961770285583334    0.788285315583334    
42    0.897001465583334    0.751710795583334    
43    0.844756835583335    0.716223415583334    
44    0.788923615583335    0.688592255583334    
45    0.736908905583335    0.652452945583334    
46    0.705319865583334    0.616440555583334    
47    0.641746445583334    0.585126725583334    
48    0.592721085583335    0.546904995583335    
49    0.539379695583334    0.514358455583334    
50    0.487286945583334    0.478402465583334    
51    0.467903225583334    0.441237435583334    
52    0.403311925583334    0.411873185583334    
53    0.337218995583334    0.370597935583334    
54    0.300549635583334    0.338116665583334    
55    0.238642065583334    0.301439075583335    
56    0.182252085583334    0.265849235583334    
57    0.136423645583334    0.232122455583334    
58    0.0797434455833342    0.195330505583334    
59    0.0157492555833342    0.159231605583334    
60    -0.0257603044166658    0.115090125583334    
61    -0.0594047144166658    0.0881668855833343    
62    -0.100737174416666    0.0463933755833342    
63    -0.134561364416666    0.00664436558333419    
64    -0.164655594416666    -0.0299368644166658    
65    -0.205502544416666    -0.0668814844166657    
66    -0.241790684416666    -0.104711434416666    
67    -0.274727304416666    -0.154710564416666    
68    -0.322493464416666    -0.182302374416666    
69    -0.354867924416666    -0.223492894416666    
70    -0.401978834416666    -0.269975534416666    
71    -0.442876644416666    -0.310412304416666    
72    -0.486060944416666    -0.352952924416666    
73    -0.527804174416666    -0.391687744416666    
74    -0.565477344416666    -0.430007854416666    
75    -0.607252254416666    -0.476939234416666    
76    -0.653257994416666    -0.522503494416666    
77    -0.703775404416666    -0.563351804416666    
78    -0.740636584416665    -0.606005714416666    
79    -0.791210664416666    -0.652218064416666    
80    -0.832496194416666    -0.693804524416666    
81    -0.883635574416666    -0.746409994416666    
82    -0.929345614416666    -0.799005844416666    
83    -0.973808394416666    -0.836121014416665    
84    -1.02914732441667    -0.890967134416666    
85    -1.07851766441667    -0.944818484416666    
86    -1.12398629441667    -0.989627934416665    
87    -1.17854476441667    -1.03971514441667    
88    -1.22029104441667    -1.09137368441667    
89    -1.27228105441667    -1.15128673441667    
90    -1.32086102441667    -1.18973483441667    
91    -1.38485474441667    -1.25363733441667    
92    -1.42778343441667    -1.30317803441667    
93    -1.49261203441667    -1.35276789441667    
94    -1.54559337441667    -1.41196618441667    
95    -1.60863726441667    -1.46940584441667    
96    -1.65714063441667    -1.52113237441667    
97    -1.71414502441667    -1.57274996441667    
98    -1.77972738441666    -1.62720315441667    
99    -1.83111224441667    -1.69670097441667    
100    -1.88871863441667    -1.75650475441667    
101    -1.95292328441667    -1.82667911441667    
102    -2.00824402441667    -1.87350415441667    
103    -2.07523510441667    -1.94107616441667    
104    -2.14649123441666    -1.99452342441667    
105    -2.20595817441667    -2.07051832441667    
106    -2.25824082441666    -2.12712411441667    
107    -2.32940269441667    -2.20431527441667    
108    -2.38751913441667    -2.25843113441667    
109    -2.46424219441667    -2.32724994441667    
110    -2.51908921441667    -2.38566597441667    
111    -2.58499113441667    -2.45867267441667    
112    -2.63509888441667    -2.51552697441667    
113    -2.70816266441666    -2.58142186441667    
114    -2.75503514441666    -2.63035010441667    
115    -2.82919875441667    -2.67272290441667    
116    -2.84712973441667    -2.71534531441666    
117    -2.90617149441667    -2.78372157441667    
118    -2.89850700441667    -2.75576113441667    
119    -2.88373629441667    -2.77470315441667    
