# Type:  Press-BKZ-60   # Type:  Standard BKZ-90
0 8.10361915258115 8.11306669981375
1 8.09837991827450 8.11582644516020
2 8.08626290003110 8.07826950316784
3 8.08645747928442 8.04406321091019
4 8.05518403861210 8.05692723824675
5 8.03454334581730 8.06915985127518
6 8.04181379807677 8.04385402965940
7 7.98049936301868 7.99023317587061
8 7.96662074402930 7.98681482192129
9 7.92192976088258 7.87521147093103
10 7.89252934908462 7.96520678910695
11 7.88141445397835 7.93631296345677
12 7.86808725111446 7.92157945287498
13 7.82830042816670 7.90338501837918
14 7.79096325332088 7.82890710234908
15 7.82599333155694 7.84298170055456
16 7.82848795953215 7.81109403818621
17 7.75393368567506 7.78751556095598
18 7.76502221236188 7.76989172315371
19 7.75018769721291 7.69741956395382
20 7.76834065848660 7.74547671171718
21 7.72363169268765 7.67730316241364
22 7.70614359451265 7.70102780457063
23 7.67968537648946 7.64165470488159
24 7.64937694612152 7.59270796142226
25 7.60740825273596 7.59311420370541
26 7.60014830096544 7.61995154458376
27 7.58198643605726 7.55017978866691
28 7.54880965796304 7.57358893671925
29 7.53999865509267 7.52958800738971
30 7.52314072230723 7.53276148043584
31 7.45663944502993 7.51239455577859
32 7.46137523359499 7.42908432629034
33 7.44291688760032 7.42977509126601
34 7.44544469137586 7.45787607740144
35 7.40387400020174 7.44078387970719
36 7.39726029183143 7.42303376056793
37 7.36044266902681 7.40430349352166
38 7.36688989576651 7.40120544982095
39 7.34900052527454 7.35726061705182
40 7.35717471311678 7.35565565559513
41 7.33410347291278 7.32129854176250
42 7.32662579878972 7.33236990331299
43 7.28953027897961 7.33047123344329
44 7.27222933316555 7.28122285463784
45 7.26262763780635 7.22233871043932
46 7.25493667305841 7.24696553048686
47 7.24520894228020 7.23256343517884
48 7.20559944570071 7.23560080169566
49 7.17696088270057 7.18159885577870
50 7.18134739485780 7.15632047485270
51 7.16689984721653 7.16298705364950
52 7.15013618002396 7.16953778365423
53 7.12883167593022 7.08683492433275
54 7.10690705046587 7.12586831263409
55 7.09818509109314 7.06691419784591
56 7.01534974123454 7.03226202084092
57 7.04953810881593 7.03609887482793
58 7.03465396826987 6.98971992702860
59 7.01785867013467 6.97722943257391
60 7.01638669116717 6.98810084507629
61 6.98872285772555 6.98887042996336
62 6.94381339109214 6.96068144161871
63 6.95085934975967 6.94135054348620
64 6.92373808884519 6.88785858546775
65 6.90359149084078 6.89857679769534
66 6.83558637054165 6.87263878232312
67 6.87740980188840 6.83191433415749
68 6.84486254034609 6.85226478096927
69 6.84410306225552 6.82264934275658
70 6.83183726147393 6.82669509643366
71 6.76531160609958 6.78254932186558
72 6.71798393965825 6.77453566117367
73 6.74796443048554 6.71544464220122
74 6.74407484649173 6.73153707402343
75 6.72845201888238 6.68057802181893
76 6.62882774339563 6.69166539042538
77 6.63471045473488 6.66715320894564
78 6.60556985146601 6.65486931051025
79 6.61733876902863 6.60650190902074
80 6.59624339855245 6.56802572722314
81 6.57289355739530 6.53574218366068
82 6.55411062281786 6.52941911508986
83 6.50998739051012 6.51571591166881
84 6.47056936311632 6.48736288250259
85 6.44231203714112 6.44786031374884
86 6.44272505377328 6.43280639798772
87 6.43342938102590 6.42312207603736
88 6.41620241457804 6.41972253585404
89 6.39417335200608 6.34327862963878
90 6.37993792575747 6.38096790056543
91 6.32270148426879 6.28810338163872
92 6.29009075734678 6.28396592652788
93 6.28065242250975 6.22539136792614
94 6.20569307659728 6.21583230758896
95 6.24932567827510 6.14801126928453
96 6.18984456569264 6.16318146459214
97 6.11400042647688 6.13185618433043
98 6.07599289561825 6.12018340117533
99 6.10097046265055 6.04099531137545
100 6.02119810181749 6.07618812735378
101 6.02687842938414 6.02712104160382
102 6.03240330434835 5.99534221563442
103 5.96904106712669 5.94613080370160
104 5.92988200558591 5.93885351533391
105 5.92000395461404 5.90568406045658
106 5.84602423664381 5.84673490513445
107 5.82110369188905 5.82552687031309
108 5.79829811654041 5.81780009537911
109 5.72448905270553 5.75014065665696
110 5.73205231619796 5.78195272797667
111 5.65622394142784 5.68038488901595
112 5.68245054910470 5.64362691261302
113 5.63828949748908 5.60642062516816
114 5.61031500371557 5.60929367272654
115 5.57120892375364 5.64060016128863
116 5.55450889822503 5.63665965627751
117 5.55857875031436 5.53214660026076
118 5.55336601648217 5.46433409801281
119 5.51471481278190 5.60390858021735
