# Type:  our simulator   # Type:  CN simulator   
50    1.01184537976200    1.01205534611000    
60    1.01128266007100    1.01144397895000    
70    1.01069518664400    1.01083029094000    
80    1.01013866658100    1.01025563311000    
90    1.00962708407500    1.00973046297000    
100    1.00916079691700    1.00925449118000    
110    1.00873886421000    1.00882381566000    
120    1.00835554127800    1.00843359860000    
130    1.00800686749900    1.00807907888000    
140    1.00768872914500    1.00775592835000    
150    1.00739760481200    1.00746034302000    
160    1.00713009372900    1.00718902952000    
170    1.00688353889900    1.00693915479000    
180    1.00665563587700    1.00670828763000    
190    1.00644445334400    1.00649431990000    
200    1.00624807529200    1.00629547396000    
210    1.00606502138800    1.00611018394000    
220    1.00589392188700    1.00593703439000    
230    1.00573369817100    1.00577488768000    
240    1.00558330491300    1.00562279742000    
250    1.00544191098600    1.00547984194000    
260    1.00530717137400    1.00532510842000    
270    1.00517906685500    1.00519635665000    
280    1.00505780464000    1.00507451632000    
290    1.00494285624400    1.00495902813000    
300    1.00483373575900    1.00484939284000    
310    1.00472998852400    1.00474516227000    
320    1.00463120013600    1.00464593280000    
330    1.00453705537900    1.00455134172000    
340    1.00444717214900    1.00446106254000    
350    1.00436127923700    1.00437479784000    
360    1.00427911225400    1.00429227463000    
370    1.00420041851300    1.00421324505000    
380    1.00412497794900    1.00413748631000    
390    1.00405259387100    1.00406479742000    
400    1.00398308091700    1.00399499362000    
410    1.00391626439300    1.00392789969000    
420    1.00385198310800    1.00386334783000    
430    1.00379007601100    1.00380118533000    
440    1.00373040981200    1.00374127816000    
450    1.00367287554900    1.00368350843000    
460    1.00361736007100    1.00362776982000    
470    1.00356376785600    1.00357396316000    
480    1.00351200130200    1.00352199245000    
490    1.00346196779300    1.00347176150000    
500    1.00341356953300    1.00342317068000    
