# Type:  log(bi)   # Type:  Upper  (Minkowski)   # Type:  GH   # Type:  Expected lambda1  
0.000000000000000     1.10324244840000     1.89880875905408     1.20566157849414     1.20906775127936
1.00000000000000     1.09647622340000     1.87781220080408     1.18466502024414     1.18807119302936
2.00000000000000     1.07668361840000     1.85638128705408     1.16323410649414     1.16664027927936
3.00000000000000     1.05921338840000     1.83494337530408     1.14179619474414     1.14520236752936
4.00000000000000     1.04949855840000     1.81321285992908     1.12006567936914     1.12347185215436
5.00000000000000     1.02804186840000     1.79117316992908     1.09802598936914     1.10143216215436
6.00000000000000     1.01109820840000     1.76907680792908     1.07592962736914     1.07933580015436
7.00000000000000    0.994377018400000     1.74662580792908     1.05347862736914     1.05688480015436
8.00000000000000    0.968050378400001     1.72402224455408     1.03087506399414     1.03428123677936
9.00000000000000    0.953086558400000     1.70149730430408     1.00835012374414     1.01175629652936
10.0000000000000    0.925695573400000     1.67880850242908    0.985661321869137    0.989067494654364
11.0000000000000    0.910793128400000     1.65620925567908    0.963062075119137    0.966468247904364
12.0000000000000    0.884892298400000     1.63337893130408    0.940231750744137    0.943637923529365
13.0000000000000    0.862315388400000     1.61050929767908    0.917362117119137    0.920768289904365
14.0000000000000    0.845780083400000     1.58745989117908    0.894312710619137    0.897718883404365
15.0000000000000    0.828757208400000     1.56437418630408    0.871227005744137    0.874633178529365
16.0000000000000    0.806209803400000     1.54114080867908    0.847993628119137    0.851399800904365
17.0000000000000    0.777665198400000     1.51776092805408    0.824613747494137    0.828019920279365
18.0000000000000    0.760686228400000     1.49451050205408    0.801363321494137    0.804769494279365
19.0000000000000    0.735037388400000     1.47126444405408    0.778117263494137    0.781523436279365
20.0000000000000    0.717957568400000     1.44807956480408    0.754932384244137    0.758338557029364
21.0000000000000    0.698940238400000     1.42462289230408    0.731475711744137    0.734881884529365
22.0000000000000    0.673488043400000     1.40111497380408    0.707967793244137    0.711373966029365
23.0000000000000    0.650673673400000     1.37758931517908    0.684442134619137    0.687848307404364
24.0000000000000    0.626765768400000     1.35389867717908    0.660751496619137    0.664157669404364
25.0000000000000    0.614080568400000     1.33024353767908    0.637096357119137    0.640502529904365
26.0000000000000    0.582872598400000     1.30644587392908    0.613298693369137    0.616704866154364
27.0000000000000    0.565637868400000     1.28273455955408    0.589587378994137    0.592993551779364
28.0000000000000    0.543120523400000     1.25888542705408    0.565738246494137    0.569144419279364
29.0000000000000    0.518852133400000     1.23507084480408    0.541923664244137    0.545329837029364
30.0000000000000    0.497918138400000     1.21115074517908    0.518003564619137    0.521409737404364
31.0000000000000    0.474093788400000     1.18701072205408    0.493863541494137    0.497269714279364
32.0000000000000    0.448511398400000     1.16276118117908    0.469614000619137    0.473020173404364
33.0000000000000    0.424650053400000     1.13852841817908    0.445381237619137    0.448787410404364
34.0000000000000    0.401122068400000     1.11426570967908    0.421118529119137    0.424524701904364
35.0000000000000    0.375946663400000     1.08979463955408    0.396647458994137    0.400053631779364
36.0000000000000    0.358946008400000     1.06526009817908    0.372112917619137    0.375519090404364
37.0000000000000    0.337946043400000     1.04052391592908    0.347376735369137    0.350782908154364
38.0000000000000    0.311983733400000     1.01540656642908    0.322259385869137    0.325665558654364
39.0000000000000    0.284336948400000    0.990280744929082    0.297133564369137    0.300539737154364
40.0000000000000    0.263380118400000    0.965234617929082    0.272087437369137    0.275493610154365
41.0000000000000    0.239239673400000    0.939863405304083    0.246716224744137    0.250122397529364
42.0000000000000    0.219167148400000    0.914323719804083    0.221176539244137    0.224582712029365
43.0000000000000    0.189992773400000    0.888625117054083    0.195477936494137    0.198884109279364
44.0000000000000    0.167910958400000    0.862790110554083    0.169642929994137    0.173049102779364
45.0000000000000    0.144187388400000    0.836755378429083    0.143608197869137    0.147014370654364
46.0000000000000    0.113058208400000    0.810451051179083    0.117303870619137    0.120710043404365
47.0000000000000   0.0902344834000001    0.784304855179083   0.0911576746191373   0.0945638474043645
48.0000000000000   0.0670527684000001    0.757859033679083   0.0647118531191374   0.0681180259043646
49.0000000000000   0.0455344834000001    0.731176020054083   0.0380288394941373   0.0414350122793646
50.0000000000000   0.0217257034000001    0.704173344304083   0.0110261637441373   0.0144323365293646
51.0000000000000 -0.00241984659999988    0.677100036429083  -0.0160471441308627  -0.0126409713456355
52.0000000000000  -0.0298930465999999    0.649799413054083  -0.0433477675058628  -0.0399415947206355
53.0000000000000  -0.0596608715999999    0.622459544304083  -0.0706876362558627  -0.0672814634706355
54.0000000000000  -0.0776481115999999    0.595264910429083  -0.0978822701308626  -0.0944760973456354
55.0000000000000   -0.100577896600000    0.568186896054083   -0.124960284505863   -0.121554111720635
56.0000000000000   -0.128985421600000    0.540976725679083   -0.152170454880863   -0.148764282095635
57.0000000000000   -0.152351841600000    0.515156145304083   -0.177991035255863   -0.174584862470635
58.0000000000000   -0.169156091600000    0.489849405554083   -0.203297775005863   -0.199891602220636
59.0000000000000   -0.192357781600000    0.466557512429083   -0.226589668130863   -0.223183495345635
60.0000000000000   -0.220309331600000    0.443325719304083   -0.249821461255863   -0.246415288470635
61.0000000000000   -0.241376501600000    0.418677958459112   -0.274469222100833   -0.270962518204874
62.0000000000000   -0.267538301600000    0.393616259382601   -0.299530921177345   -0.295917691293291
63.0000000000000   -0.296951846600000    0.368253411953113   -0.324893768606832   -0.321167473928947
64.0000000000000   -0.319439811600000    0.342664015286164   -0.350483165273782   -0.346636656110405
65.0000000000000   -0.337825981600000    0.316640934088869   -0.376506246471076   -0.372531684776290
66.0000000000000   -0.365579976600000    0.290036297362801   -0.403110883197144   -0.398999652567390
67.0000000000000   -0.388327431600000    0.263093130154862   -0.430054050405083   -0.425796651050596
68.0000000000000   -0.409462766600000    0.235636365600267   -0.457510814959679   -0.453096740568949
69.0000000000000   -0.437951851600000    0.207578665713981   -0.485568514845964   -0.480986107504798
70.0000000000000   -0.467682786600000    0.179120837329942   -0.514026343230003   -0.509262621581860
71.0000000000000   -0.495887846600000    0.150281681935784   -0.542865498624162   -0.537905953192335
72.0000000000000   -0.520799121600000    0.120985038454484   -0.572162142105461   -0.566990490039485
73.0000000000000   -0.545858286600000   0.0910793562829894   -0.602067824276956   -0.596665713594296
74.0000000000000   -0.577720736600000   0.0605237184630693   -0.632623462096876   -0.626970112567255
75.0000000000000   -0.605434991600000   0.0295386992850334   -0.663608481274912   -0.657680245153409
76.0000000000000   -0.630501281600000 -0.00207255935384254   -0.695219739913788   -0.688989560357258
77.0000000000000   -0.666747936600000  -0.0344734506196918   -0.727620631179637   -0.721057368772527
78.0000000000000   -0.693049126600000  -0.0672256059704872   -0.760372786530432   -0.753440373996899
79.0000000000000   -0.717508131599999   -0.100809705318695   -0.793956885878641   -0.786613256399234
80.0000000000000   -0.751468386600000   -0.135393291060979   -0.828540471620924   -0.820736185095187
81.0000000000000   -0.782347746600000   -0.170577211890872   -0.863724392450818   -0.855400853241486
82.0000000000000   -0.808776961600000   -0.206566625349118   -0.899713805909063   -0.890800919764768
83.0000000000000   -0.843407486600000   -0.243688152447268   -0.936835333007213   -0.927248381297173
84.0000000000000   -0.873478326600000   -0.281550241293176   -0.974697421853122   -0.964332823361703
85.0000000000000   -0.907985701600000   -0.320496227811355    -1.01364340837130    -1.00237286749814
86.0000000000000   -0.932789631600000   -0.360310417817225    -1.05345759837717    -1.04111985884533
87.0000000000000   -0.967598376599999   -0.401779659983314    -1.09492684054326    -1.08131579312821
88.0000000000000    -1.00026777660000   -0.444286038797246    -1.13743321935719    -1.12228029291564
89.0000000000000    -1.03457254660000   -0.488057825341378    -1.18120500590132    -1.16415228785000
90.0000000000000    -1.06120661160000   -0.532991608686550    -1.22613878924650    -1.20669651245034
91.0000000000000    -1.09444478160000   -0.579907720896008    -1.27305490145595    -1.25053132501993
92.0000000000000    -1.12348779660000   -0.628158385171261    -1.32130556573121    -1.29468535228725
93.0000000000000    -1.14744622660000   -0.678125540272977    -1.37127272083292    -1.33899257249812
94.0000000000000    -1.16076868660000   -0.730365315760079    -1.42351249632002    -1.38301400037651
95.0000000000000    -1.18898471160000   -0.786598262495340    -1.47974544305528    -1.42649009694661
96.0000000000000    -1.16180863660000   -0.843153815074768    -1.53630099563471    -1.46128603691654
97.0000000000000    -1.16462143160000   -0.913351057140448    -1.60649823770039    -1.48864081925409
98.0000000000000    -1.10083181660000   -0.990448423964755    -1.68359560452470    -1.45780425187997
